   .0000   1[620]
   .0745   3[622]
   .2489  11[725]
   .2624   7[613]
   .3922   9[734]
   .7159   9[615]
   .7317   7[624]
   .8620   5[622]
  1.0450   1[770]
  1.2907   1[501]
  1.2939   9[604]
  1.2959   3[761]
  1.2972   1[631]
  1.3269   7[743]
  1.4867   1[761]
  1.6523   5[503]
  1.8097   3[501]
  1.8770  13[716]
  1.9672  11[606]
  1.9699   3[611]
  2.0336   3[752]
  2.1654   5[503]
  2.1709   5[743]
  2.1959   1[851]
  2.2171   5[613]
  2.2817   1[750]
  2.3187   3[741]
  2.4011  13[606]
  2.4590   3[862]
  2.4666   3[631]
  2.5595   5[633]
  2.6685  15[707]
  2.7426   5[613]
  2.8458   1[611]
  2.9188   7[853]
  3.1435   5[732]
  3.1632   1[741]
  3.2912  11[615]
  3.4127   5[602]
  3.4435   1[640]
  3.6002   3[642]
  3.6701   7[734]
  3.6704   1[510]
  3.6842   3[512]
  3.8110   9[844]
  3.8133   1[660]
  3.9199   7[503]
  4.0661   7[604]
  4.1548   9[505]
  4.2529   1[600]
  4.4775   3[602]
  4.7204   1[730]
  4.7743   7[723]
  4.8943   3[732]
  4.9702   9[624]
  5.0051  11[835]
  5.2130   5[512]
  5.5477   7[514]
  5.8203   9[725]
  6.2643   7[633]
  6.4005   1[521]
  6.5321   3[721]
  6.5604   1[880]
  6.6205  13[826]
  6.6374   9[714]
  6.8221   3[871]
  7.0312   5[642]
  7.0745   5[723]
  7.1234   1[721]
  7.3237   3[521]
  7.3377  11[705]
  7.3666   3[651]
  7.4323   1[640]
  7.6122   5[862]
  7.7268   1[871]
  7.8206   5[523]
  8.0596   1[970]
  8.0728   3[961]
  8.1557  11[505]
  8.1657   5[972]
  8.1884   3[862]
  8.3513  15[817]
  8.4540   1[860]
  8.4792  11[716]
  8.4836   7[963]
  8.5063   5[712]
  8.6148   1[400]
  8.7789   3[402]
  8.7831   1[530]
  8.9540   7[833]
  9.0381   5[853]
  9.0493  17[808]
  9.1128   1[710]
  9.1400   9[514]
  9.1698   7[703]
  9.2674   9[954]
  9.2733   3[532]
  9.3961   3[712]
  9.5143  13[707]
  9.7420   1[541]
  9.8191   7[714]
  9.8840   3[851]
  9.8926   1[851]
 10.0016   5[402]
 10.2612   7[844]
 10.2682   3[701]
 10.3211  11[945]
 10.6351   1[701]
 10.7166   9[824]
 10.7369   7[523]
 10.7884   1[411]
 10.8309   7[404]
 10.8677   5[703]
 10.8795   9[705]
 11.3438   3[831]
 11.4832   1[990]
 11.5108   3[411]
 11.6694   5[833]
 11.7141   1[831]
 11.7174  13[936]
 11.7883   5[532]
 11.9714   9[835]
 11.9872   3[981]
 12.2864   3[541]
 12.3028   5[413]
 12.4105   1[530]
 12.5701  11[815]
 12.5985   1[981]
 12.7568   5[972]
 12.9617   5[833]
 13.3705   1[820]
 13.4061  13[806]
 13.4252  15[927]
 13.5688   9[404]
 13.5765   7[813]
 13.6193   3[822]
 13.6465   1[420]
 13.7915   1[970]
 13.8517   3[972]
 13.8820   7[943]
 14.0085   1[*80]
 14.0572   3[*71]
 14.1312  11[826]
 14.1655   5[*82]
 14.3199   3[422]
 14.5093   7[*73]
 14.5234   9[804]
 14.5728   7[824]
 14.6149   7[413]
 14.6564   3[811]
 14.8923   3[961]
 14.8948   1[811]
 14.9220   5[*02]
 15.0590   9[*64]
 15.1314   5[963]
 15.1406  17[918]
 15.2040   1[431]
 15.2223   1[961]
 15.2935   9[934]
 15.3397   1[301]
 15.7299  19[909]
 15.7902   5[813]
 15.7927   1[*00]
 15.8734   3[301]
 15.9188  11[*55]
 16.0443   3[*02]
 16.0656   5[422]
 16.0806   5[932]
 16.1310   1[**0]
 16.3217   9[815]
 16.3694  13[817]
 16.4115   7[954]
 16.4226   7[804]
 16.4227   1[950]
 16.4813   3[952]
 16.6754   3[*91]
 16.8077   3[431]
 16.9031   5[303]
 17.0095   1[431]
 17.0598  11[925]
 17.1331  11[806]
 17.1383  13[*46]
 17.2142  15[808]
 17.2549   1[*91]
 17.5134   5[*82]
 17.6563   1[310]
 17.7543   5[943]
 17.7807   7[923]
 17.8531   1[941]
 17.8937   9[945]
 17.9154   3[932]
 18.4105   3[312]
 18.4871   1[*80]
 18.5379   3[*82]
 18.5758   7[303]
 18.7215   7[*53]
 18.7242  15[*37]
 18.7487  13[916]
 19.2282   7[934]
 19.3720   3[921]
 19.5892  15[907]
 19.5992   9[914]
 19.6680   5[312]
 19.6732   1[921]
 19.7065   1[**0]
 19.7729  11[936]
 19.8378   5[923]
 19.8409   3[*71]
 20.0092   1[321]
 20.0152   9[*44]
 20.0348   3[*81]
 20.0447   5[*73]
 20.2117   1[*71]
 20.2540   5[*92]
 20.4467  17[*28]
 20.5608   7[*83]
 20.7498   1[**0]
 20.8830   3[321]
 20.9290  11[905]
 21.0471   9[*74]
 21.1273   5[912]
 21.1774   9[925]
 21.2301   1[330]
 21.2467   5[*73]
 21.5122   1[200]
 21.5414   1[910]
 21.6319   3[**1]
 21.7224  11[*35]
 21.7711   7[914]
 21.7868  11[*65]
 21.7916   7[*64]
 21.8003   3[912]
 21.8320   1[*60]
 21.9166   3[*62]
 22.0372   1[**1]
 22.0931  19[*19]
 22.1848  13[927]
 22.2994   3[202]
 22.5518   7[914]
 22.5743  21[*0*]
 22.6387   5[**2]
 22.8105  13[*56]
 22.8285   7[*33]
 22.9808  11[916]
 23.1124   3[901]
 23.1465   5[202]
 23.2679  13[*26]
 23.4039   9[905]
 23.4677   3[*31]
 23.4708   1[901]
 23.4736   5[903]
 23.5803   3[*92]
 23.6600   5[*53]
 23.7304   1[*51]
 23.7472   9[*55]
 23.7481   1[211]
 23.7707   1[*90]
 23.9121  13[907]
 23.9895   7[*63]
 24.0071  15[*47]
 24.1538   9[*24]
 24.2312   3[211]
 24.5821  15[918]
 24.6619  15[*17]
 24.8280   5[*22]
 25.0036   7[*44]
 25.0555  17[909]
 25.0654   9[*54]
 25.0696   1[220]
 25.1018   3[*42]
 25.1381   1[*40]
 25.2717  17[*08]
 25.2774   3[*81]
 25.3980  11[*15]
 25.4296   1[**0]
 25.4317   5[*83]
 25.5953   3[**1]
 25.6035  11[*46]
 25.7668   1[*81]
 25.9211   5[**2]
 26.1647  13[*06]
 26.1832   5[*33]
 26.1859  17[*38]
 26.2980  11[*45]
 26.3077   7[*13]
 26.3140   1[*20]
 26.4129   9[*35]
 26.4160   7[*93]
 26.5017   3[*22]
 26.5659   5[*83]
 26.9142   1[101]
 27.0181   7[*74]
 27.0329   9[*84]
 27.1952   7[*24]
 27.1996   3[101]
 27.3738   1[*70]
 27.3771   1[**0]
 27.4330   9[*04]
 27.4768   3[*72]
 27.6183   3[*11]
 27.6658  13[*36]
 27.7166  13[*37]
 27.7736   3[*91]
 27.8016  11[*26]
 27.9052  11[*75]
 27.9148  19[*29]
 27.9154   7[*74]
 28.0182   1[*11]
 28.0264   5[*13]
 28.1966   1[110]
 28.3672   1[**1]
 28.3794   5[*82]
 28.4824   9[*15]
 28.5432   9[*34]
 28.8337   3[*41]
 28.9044  13[*66]
 28.9561   5[802]
 29.1420   9[*65]
 29.1463   5[*63]
 29.2256   7[*73]
 29.2574   1[*41]
 29.2580  11[*06]
 29.3146   3[**2]
 29.3438  13[*17]
 29.4704   7[*04]
 29.4708  15[*08]
 29.4805   1[**0]
 29.5695   1[800]
 29.6146  21[*1*]
 29.7029   3[802]
 29.8300   5[*32]
 30.1467  23[*0*]
 30.4088  15[*57]
 30.4742   1[930]
 30.4872   7[*54]
 30.5085   9[*64]
 30.5598   1[**0]
 30.5618  15[*28]
 30.5630   5[*93]
 30.5810   3[*51]
 30.6290   3[932]
 30.6348   1[000]
 30.6807  11[*56]
 30.7877   3[**1]
 31.1301   1[*91]
 31.2448  15[*27]
 31.6446  17[*48]
 31.7775   5[**2]
 31.9237   1[*41]
 32.0007   5[*43]
 32.0354   3[*32]
 32.0689   5[*62]
 32.1607   7[*84]
 32.2313   9[*45]
 32.2857   7[*34]
 32.4055  17[*19]
 32.6280  19[*0*]
 32.8145  11[*36]
 32.9224   1[*80]
 32.9266   3[*82]
 33.1621  13[*47]
 33.1779   1[**0]
 33.3946  11[*55]
 33.6498   7[*83]
 33.7221  19[*39]
 33.8959  17[*18]
 33.9416   1[**1]
 34.0205   3[**1]
 34.0359   9[*94]
 34.1234  11[*25]
 34.6241  11[*85]
 34.7811   5[*72]
 34.8216   3[**2]
 34.9636   9[*75]
 34.9706  19[*09]
 35.0265  13[*46]
 35.2749  21[*2*]
 35.3314   1[**0]
 35.3402  13[*76]
 35.4796   7[*53]
 35.7229   7[*23]
 35.7238  13[*16]
 35.9106  15[*38]
 36.2265   5[*73]
 36.3731   9[*25]
 36.6286   3[*71]
 36.7616  23[*1*]
 36.8366   1[*71]
 36.8673   3[*21]
 36.8917  15[*67]
 36.9951   5[*23]
 37.1558  13[*27]
 37.1953  25[*0*]
 37.1982  15[*37]
 37.2557  11[*66]
 37.2698   1[*21]
 37.5415   9[*44]
 38.2098  17[*58]
 38.3031   7[*64]
 38.3162   7[**3]
 38.5092  17[*28]
 38.5632  15[*07]
 38.6755  17[*29]
 38.8777   5[*62]
 38.8842   9[*14]
 38.9174   3[*62]
 39.0959   1[*60]
 39.1697   9[*14]
 39.2430  15[*18]
 39.3827   1[**0]
 39.4025  11[*16]
 39.4591   3[**1]
 39.4669   5[**3]
 39.7207   5[**2]
 39.7448  19[*19]
 39.8142   3[**1]
 39.9646  19[*49]
 39.9723  11[*35]
 39.9797  11[*65]
 40.0961  17[*09]
 40.1309   1[**1]
 40.1628   7[**3]
 40.3156  13[*57]
 40.3878   9[*55]
 40.5414   7[*14]
 40.5726   5[*12]
 40.5964  21[*0*]
 40.8807  13[*56]
 41.1575   5[*53]
 41.3128  19[*1*]
 41.3172   3[*12]
 41.3352   9[**4]
 41.3741   1[*10]
 41.4746   7[*94]
 41.5076   7[*44]
 41.6149  13[*07]
 41.6157   1[*40]
 41.6890   5[*92]
 41.6892  13[*26]
 41.6935   3[*42]
 41.7467  11[*46]
 41.7599  21[*0*]
 42.0223  11[*05]
 42.4686  15[*48]
 42.7353   3[*92]
 42.8207   9[*85]
 42.8336  11[*95]
 42.8399   7[*33]
 42.8488   1[*90]
 42.8831  13[*37]
 43.0694   9[*35]
 43.1928   7[*83]
 43.2707  15[*17]
 43.4244   9[*05]
 43.4737  15[*47]
 43.7671   3[*31]
 43.8170   5[*33]
 43.8543   1[*31]
 44.2743  11[*76]
 44.3136   7[*03]
 44.3147  15[*28]
 44.3357   9[*74]
 44.3882  17[*39]
 44.4718   5[*83]
 44.4719  17[*08]
 44.4859  13[*86]
 44.6525   9[*24]
 44.7764   1[**1]
 44.8123  11[*26]
 44.8537   3[*81]
 45.0414   5[*03]
 45.1316   3[**1]
 45.1655   1[*81]
 45.2623   1[**1]
 45.4994   5[**2]
 45.5960   3[*01]
 45.6436   3[**2]
 45.7948   1[*01]
 45.8334   7[*74]
 45.9444  19[*0*]
 45.9738  17[*19]
 46.2058   7[*24]
 46.3011  13[*67]
 46.4195   5[*72]
 46.4598   5[*22]
 46.6422   3[*72]
 46.6515  11[*15]
 46.6596  11[*45]
 46.7099  13[*17]
 46.8510   1[*70]
 46.8742   5[**3]
 46.9810   7[**4]
 47.0482   9[*65]
 47.2189   3[*22]
 47.2667   1[*20]
 47.3399  19[*2*]
 47.3561   5[*63]
 47.5280  13[*36]
 47.5871   7[*54]
 47.9553  11[*56]
 47.9813   3[*52]
 47.9820   1[*50]
 48.0404  15[*08]
 48.0670   1[**0]
 48.1998  13[*06]
 48.2220   7[*93]
 48.2640   9[*15]
 48.3983  15[*58]
 48.5840   9[*15]
 48.6419  21[*1*]
 48.9376  13[*47]
 48.9831   7[*13]
 49.0848   3[**1]
 49.1432   1[**1]
 49.2950   9[*84]
 49.3134   1[**0]
 49.3146  23[*0*]
 49.4462   9[*45]
 49.7580   7[*43]
 49.8013   5[*13]
 50.0603  11[*86]
 50.1414   3[*11]
 50.1449  17[*49]
 50.2007  11[*86]
 50.3612   3[**2]
 50.4323   1[*11]
 50.4497  11[*36]
 50.6061   5[**2]
 50.6088   9[*34]
 50.8231   9[*04]
 50.8489   5[*93]
 50.9520   5[*43]
 51.2372   3[*91]
 51.3713   3[*41]
 51.6621   1[*41]
 51.7157   7[*84]
 51.9403   7[*04]
 52.0000   5[*82]
 52.0044   1[*91]
 52.0442   1[**1]
 52.0684   7[*34]
 52.2933   3[**1]
 52.4761   5[*02]
 52.5854   5[*32]
 52.8628   3[*02]
 53.0710   1[*00]
 53.1511   3[*82]
 53.2003   3[*32]
 53.3851   1[*80]
 53.4033   1[*30]
 54.2782   1[**0]
