   .0000   1[620]
   .0015   3[622]
   .0514  11[725]
   .1995   7[613]
   .5535   9[615]
   .7322   9[734]
  1.1330   1[770]
  1.2074   7[624]
  1.2414   5[622]
  1.2886   1[501]
  1.3051   9[604]
  1.3351   3[761]
  1.4882   1[631]
  1.5105   7[743]
  1.5440   1[761]
  1.6417   5[503]
  1.7262  13[716]
  1.7767   3[501]
  1.8912   3[611]
  1.9389   3[752]
  1.9820  11[606]
  1.9963   5[743]
  2.1705   5[613]
  2.1826   1[851]
  2.2624   5[503]
  2.3521   1[750]
  2.3870   3[741]
  2.3967  13[606]
  2.4131   3[851]
  2.6040   5[613]
  2.7058   3[631]
  2.7072   1[611]
  2.7113  15[707]
  2.7747   7[853]
  2.8341   5[633]
  2.8720   5[732]
  3.1049   1[750]
  3.2558   7[734]
  3.4527   1[440]
  3.4660   5[602]
  3.4816  11[615]
  3.5614   9[844]
  3.6237   3[642]
  3.7757   1[651]
  3.8567   1[510]
  3.8863   3[512]
  3.9267   7[503]
  4.1154   7[604]
  4.1665   9[505]
  4.2924   1[600]
  4.4046   7[723]
  4.4709   1[730]
  4.5181   3[602]
  4.5895  11[835]
  4.6044   3[732]
  5.3221   9[624]
  5.3342   9[725]
  5.3998   5[512]
  5.7914   7[514]
  6.1642  13[826]
  6.2286   3[721]
  6.4431   9[714]
  6.4892   7[633]
  6.6511   1[880]
  6.7010   1[521]
  6.7436   5[723]
  6.8431   1[721]
  6.8553   3[871]
  7.1049   5[642]
  7.3432  11[705]
  7.3525   3[651]
  7.4247   1[640]
  7.4554   5[862]
  7.6263   3[521]
  7.8420   1[871]
  8.0051   1[970]
  8.0608   3[961]
  8.0728   5[712]
  8.1403  11[505]
  8.1662   5[523]
  8.1780   3[862]
  8.1908  15[817]
  8.2590  11[716]
  8.3887   7[963]
  8.3899   1[860]
  8.4405   5[712]
  8.5953   7[833]
  8.6263   1[400]
  8.7908   3[402]
  8.8361   1[530]
  8.8841   5[853]
  9.0160   9[954]
  9.0308   1[710]
  9.0849  17[808]
  9.1777   7[703]
  9.3093   9[514]
  9.3332   3[712]
  9.3576   3[532]
  9.4894  13[707]
  9.6741   3[851]
  9.6923   1[541]
  9.7092   7[714]
  9.7343   1[851]
  9.9332   7[844]
  9.9495  11[945]
  9.9960   5[402]
 10.2745   9[824]
 10.2780   3[701]
 10.6644   1[701]
 10.8303   7[404]
 10.9007   5[703]
 10.9254   9[705]
 10.9835   1[411]
 10.9961   7[523]
 11.1141   3[842]
 11.2243  13[936]
 11.3548   5[833]
 11.4758   9[835]
 11.4779   1[831]
 11.6212   1[990]
 11.6916   3[411]
 11.8949   5[532]
 12.0512   3[981]
 12.2825   3[541]
 12.3919   1[530]
 12.4272  11[815]
 12.5079   5[413]
 12.6698   5[972]
 12.6911   1[981]
 12.7057   5[822]
 12.9346  15[927]
 13.1832   1[820]
 13.4300  13[806]
 13.4334   7[824]
 13.4544   3[822]
 13.5442  11[826]
 13.5504   9[404]
 13.6205   7[943]
 13.7173   1[970]
 13.8122   1[420]
 13.8150   3[972]
 13.9816   1[*80]
 14.0447   3[*71]
 14.1706   5[*82]
 14.3000   7[824]
 14.4740   7[*73]
 14.5076   3[422]
 14.5291   9[804]
 14.5833   3[811]
 14.7449   3[961]
 14.7587   7[413]
 14.8663   1[811]
 14.9153   9[934]
 14.9258   9[*64]
 14.9518   5[*02]
 14.9728   5[963]
 14.9891  17[918]
 15.0674   1[961]
 15.1572   1[431]
 15.3336   1[301]
 15.5871  11[*55]
 15.7366   5[813]
 15.7676  19[909]
 15.7853   1[*00]
 15.8623   3[301]
 15.8886   5[932]
 16.0593   3[*02]
 16.1499   7[954]
 16.1930  13[817]
 16.2174   9[815]
 16.2236   5[422]
 16.2410   1[**0]
 16.2655   1[950]
 16.3369   3[952]
 16.4552   7[804]
 16.6219  13[*46]
 16.6738  11[925]
 16.7329   3[*91]
 16.8130   3[431]
 16.8936   5[303]
 16.9763   1[431]
 17.1084  15[808]
 17.1902  11[806]
 17.3375   1[*91]
 17.4593   9[945]
 17.4787   5[*82]
 17.5035   7[923]
 17.5920   5[943]
 17.7086   1[941]
 17.7326   3[932]
 17.7967   1[310]
 18.2294  15[*37]
 18.4307   1[*80]
 18.5215   3[*82]
 18.5526   3[312]
 18.5534   7[303]
 18.5890   7[*53]
 18.6320  13[916]
 19.0232   7[934]
 19.1703  11[936]
 19.1987   3[921]
 19.4802   1[921]
 19.4804   9[914]
 19.5879  15[907]
 19.6595   5[923]
 19.7412   3[*71]
 19.7499   9[*44]
 19.7702   5[312]
 19.8258   1[*90]
 19.9024   5[*73]
 19.9248  17[*28]
 20.0307   1[321]
 20.0898   3[*81]
 20.1159   1[*71]
 20.2842   5[*92]
 20.5398   7[*83]
 20.7138   1[**0]
 20.8443   9[925]
 20.8980  11[905]
 20.9135   5[912]
 20.9309   3[321]
 20.9453   9[*74]
 21.1436   5[*73]
 21.1793   1[330]
 21.3444   1[910]
 21.3580  11[*35]
 21.4943   1[200]
 21.5153  13[927]
 21.5403  11[*65]
 21.5505   7[*64]
 21.6185   3[912]
 21.6301   3[**1]
 21.6671   7[914]
 21.7249   1[*60]
 21.8245   3[*62]
 21.9641  19[*19]
 22.1140   1[**1]
 22.2788   3[202]
 22.4173   7[914]
 22.4466  13[*56]
 22.6049   5[*92]
 22.6136  21[*0*]
 22.6336   7[*33]
 22.8410  11[916]
 22.9647  13[*26]
 23.0137   3[901]
 23.1176   5[202]
 23.2978   3[*31]
 23.3514   9[905]
 23.3779   1[901]
 23.3960   5[903]
 23.4024   9[*55]
 23.5290   5[*53]
 23.5497  15[*47]
 23.5724   1[*51]
 23.5982   3[*92]
 23.7201   1[*90]
 23.8060   1[211]
 23.8303   7[*63]
 23.9104  13[907]
 23.9500   9[*24]
 24.2732  15[918]
 24.2758   3[211]
 24.6041  15[*17]
 24.6447   5[*22]
 24.7718  17[909]
 24.8315   9[*54]
 24.8599   7[*44]
 24.9705   3[*42]
 24.9761   1[*40]
 25.0196   1[220]
 25.1243  11[*46]
 25.1400   3[*81]
 25.2758   5[*83]
 25.2848  17[*08]
 25.3218  11[*15]
 25.4708   1[**0]
 25.6289   3[**1]
 25.6443   1[*81]
 25.7826  17[909]
 25.9108   5[**2]
 25.9912   5[*33]
 25.9936  11[*45]
 26.0783   1[*20]
 26.1170  13[*06]
 26.1576   9[*35]
 26.1649   7[*13]
 26.2752   3[*22]
 26.3788   7[*93]
 26.3920   5[*83]
 26.7403   7[*74]
 26.8768   1[101]
 26.9083   7[*24]
 26.9277   9[*84]
 27.1354  13[*37]
 27.1585   3[101]
 27.1964   1[*70]
 27.2599   1[**0]
 27.2851   3[*72]
 27.3362  19[*29]
 27.3459   9[*04]
 27.3500  13[*36]
 27.4056   3[*11]
 27.4799  11[*26]
 27.6814   3[*91]
 27.7343  11[*75]
 27.7372   7[*74]
 27.8323   1[*11]
 27.8502   5[*13]
 28.1684   1[110]
 28.2216   9[*34]
 28.2728   5[*82]
 28.2929   9[*15]
 28.3906   1[**1]
 28.6064  13[*66]
 28.6708   3[*41]
 28.8198   5[802]
 28.9162   9[*65]
 28.9195   5[*63]
 29.0729   1[*41]
 29.0770   7[*73]
 29.1323  13[*17]
 29.1680  11[*06]
 29.2457   3[**2]
 29.2621  15[*28]
 29.3501   1[**0]
 29.3803   7[*04]
 29.4599   1[800]
 29.4786  21[*1*]
 29.5830   3[802]
 29.6769   5[*32]
 30.0035  15[*57]
 30.1166  15[*28]
 30.1215  23[*0*]
 30.2836   1[930]
 30.3186  11[*56]
 30.3195   7[*54]
 30.3228   9[*64]
 30.3834   5[*93]
 30.4193   3[*51]
 30.4560   3[932]
 30.5728   1[000]
 30.6351   1[**0]
 30.8426  15[*27]
 30.8541   3[**1]
 30.9708   1[*91]
 31.1680  17[*48]
 31.7639   1[*41]
 31.7648   5[**2]
 31.8653   3[*32]
 31.9190   7[*84]
 31.9227   5[*62]
 31.9302   5[**2]
 32.0530   9[*45]
 32.1042   7[*34]
 32.1421  17[*19]
 32.2825  19[*39]
 32.4479  11[*36]
 32.6757  13[*47]
 32.7786   1[*80]
 32.7942   3[*82]
 33.1329   1[**0]
 33.1942  11[*55]
 33.4401  19[*0*]
 33.5690   7[*83]
 33.7108  17[*18]
 33.7948  11[*25]
 33.8587   1[**1]
 33.9048   3[*92]
 33.9084   9[*94]
 34.4432  11[*85]
 34.6489   5[*72]
 34.7048   9[*75]
 34.7470  13[*46]
 34.7496   3[**2]
 34.7962  21[*2*]
 34.8165  19[*09]
 34.9626  13[*76]
 35.1927   1[**0]
 35.2072  15[*38]
 35.3193   7[*53]
 35.3360   7[*23]
 35.4282  13[*16]
 35.9151   9[*25]
 36.1237   5[*73]
 36.4582   3[*31]
 36.4598  15[*67]
 36.4703   3[*21]
 36.5786   5[*23]
 36.6386  23[*1*]
 36.6689  13[*27]
 36.6960   1[*71]
 36.8446  15[*37]
 36.8713   1[*21]
 36.9088  11[*66]
 37.1703  25[*0*]
 37.3594   9[*44]
 37.5591  17[*58]
 38.1376   7[**3]
 38.1954  17[*29]
 38.2123  17[*28]
 38.2434   7[*64]
 38.3378  15[*07]
 38.5503   9[*14]
 38.7509   5[*62]
 38.8473   3[*62]
 38.9290   9[*14]
 38.9947  15[*18]
 39.0001   1[*60]
 39.0126  11[*16]
 39.2057   1[**0]
 39.2629   5[**3]
 39.3073   3[**1]
 39.4191  19[*49]
 39.5717   5[**2]
 39.5729  19[*19]
 39.6288   3[**1]
 39.6553  11[*35]
 39.7258  11[*65]
 39.8728  13[*57]
 39.9009  17[*09]
 39.9573   1[**1]
 39.9810   7[**3]
 40.1635   7[*14]
 40.1797   9[*55]
 40.2092   5[*12]
 40.4461  21[*0*]
 40.5882  13[*56]
 40.8932   5[*53]
 40.9492   3[*12]
 41.0123   1[*10]
 41.0613  19[*1*]
 41.0837   9[**4]
 41.2047   7[*94]
 41.2123   7[*44]
 41.3101   1[*40]
 41.3647  13[*26]
 41.3833   3[*42]
 41.3961  13[*07]
 41.4018  11[*46]
 41.4840   5[*92]
 41.7132  21[*0*]
 41.7413  11[*05]
 41.9916  15[*48]
 42.4057  13[*37]
 42.4831   9[*85]
 42.5052   7[*33]
 42.5135  11[*95]
 42.5770   3[*92]
 42.6514   9[*35]
 42.6627   1[*90]
 42.9458   7[*83]
 43.0186  15[*17]
 43.1352   9[*05]
 43.1445  15[*47]
 43.4413   3[*31]
 43.4476   5[*33]
 43.5543   1[*31]
 43.7518  15[*28]
 43.8774  11[*76]
 43.9502  17[*39]
 44.0208   7[*03]
 44.0839   9[*74]
 44.1241  13[*86]
 44.2315  17[*08]
 44.2608   5[*83]
 44.2885   9[*24]
 44.3695  11[*26]
 44.5688   1[**0]
 44.6028   3[*81]
 44.7620   5[*03]
 44.9118   3[**1]
 44.9306   1[*81]
 44.9936   1[**1]
 45.2575   5[**2]
 45.3166   3[*01]
 45.4085   3[**2]
 45.5263   1[*01]
 45.5270  17[*19]
 45.6373   7[*74]
 45.7128  19[*2*]
 45.7966   7[*24]
 45.8853  13[*67]
 46.1138   5[*22]
 46.2010   5[*72]
 46.3202  11[*45]
 46.3307  11[*15]
 46.3998  13[*17]
 46.4886   3[*72]
 46.5714   5[**3]
 46.6628   7[**4]
 46.6765   1[*70]
 46.8311   3[*22]
 46.8803   9[*65]
 46.8964   1[*20]
 46.9326  19[*0*]
 47.1313  13[*36]
 47.1452   5[*63]
 47.3541   7[*54]
 47.6921   3[*52]
 47.6943  11[*56]
 47.6951   1[*50]
 47.7972  15[*08]
 47.8556   1[**0]
 47.8943   9[*95]
 47.8999  13[*06]
 47.9163   7[*93]
 47.9455  15[*58]
 48.2236   9[*15]
 48.4902  21[*1*]
 48.5513  13[*47]
 48.6389   7[*13]
 48.8785   3[**1]
 48.9250   1[**1]
 49.0271   9[*84]
 49.0496   9[*45]
 49.1309   1[**0]
 49.2509  23[*0*]
 49.3805   7[*43]
 49.4641   5[*13]
 49.6462  11[*86]
 49.6566  17[*49]
 49.8019   3[*11]
 49.8773  11[*06]
 49.9781  11[*36]
 50.0869   1[*11]
 50.1889   3[**2]
 50.1999   9[*34]
 50.3502   5[**2]
 50.4974   9[*04]
 50.5721   5[*93]
 50.6167   5[**2]
 50.9417   3[*91]
 50.9929   3[*41]
 51.2802   1[*41]
 51.4319   7[*84]
 51.6358   7[*34]
 51.6533   7[*04]
 51.7259   5[*82]
 51.7285   1[*91]
 51.8505   1[**1]
 52.0684   3[**1]
 52.1415   5[*02]
 52.1694   5[*32]
 52.5328   3[*02]
 52.7350   1[*00]
 52.7766   3[*32]
 52.8802   3[*82]
 52.9882   1[*30]
 53.0973   1[*80]
 54.0565   1[**0]
