   .0000  11[725]
   .0484   3[622]
   .0635   7[613]
   .0794   1[620]
   .2854   9[615]
   .9553   9[734]
  1.2291   1[501]
  1.2762   1[770]
  1.3536   9[604]
  1.4330   3[761]
  1.4880  13[716]
  1.5298   1[631]
  1.5340   5[622]
  1.5856   7[743]
  1.5881   7[624]
  1.5921   5[503]
  1.7021   3[501]
  1.7063   1[761]
  1.7592   3[611]
  1.8906   5[752]
  1.9526   3[752]
  2.0162  11[606]
  2.0639   5[613]
  2.2057   5[503]
  2.2611   1[750]
  2.2691   1[611]
  2.2931   3[741]
  2.3461  13[606]
  2.4699   3[851]
  2.5286   1[611]
  2.5634   5[862]
  2.6828   5[743]
  2.7471   7[853]
  2.7697  15[707]
  2.8367   3[631]
  2.9222   7[734]
  2.9827   5[633]
  3.1576   1[750]
  3.3370   1[660]
  3.3814   9[844]
  3.5171   3[642]
  3.5475   5[602]
  3.6148   1[651]
  3.6977  11[615]
  3.8696   7[503]
  4.0629   1[510]
  4.0692   7[723]
  4.1139   3[512]
  4.1365   9[505]
  4.1770   7[604]
  4.2354  11[835]
  4.3018   1[730]
  4.3732   1[600]
  4.3822   3[732]
  4.5995   3[602]
  4.8325   9[725]
  5.5986   9[624]
  5.6056   5[512]
  5.7171  13[826]
  5.9518   3[721]
  6.0654   7[514]
  6.2336   9[714]
  6.4029   5[723]
  6.5715   1[721]
  6.6187   7[633]
  6.8323   1[880]
  6.8974   1[521]
  6.9733   3[871]
  7.0853   5[642]
  7.2473   3[651]
  7.3255   1[640]
  7.3756   5[862]
  7.3864  11[705]
  7.8400   3[521]
  7.9266  11[716]
  7.9323  15[817]
  8.0487   5[712]
  8.0848   1[871]
  8.0929  11[505]
  8.1074   1[970]
  8.1880   3[961]
  8.2973   7[833]
  8.3082   3[862]
  8.4095   5[523]
  8.4161   5[972]
  8.4314   7[963]
  8.4519   1[860]
  8.5730   1[400]
  8.7453   3[402]
  8.7676   1[330]
  8.8366   5[853]
  8.8742   9[954]
  8.9112   1[710]
  9.1104   7[714]
  9.1551  17[808]
  9.2246   3[712]
  9.3269   3[532]
  9.4863   9[514]
  9.5158  13[707]
  9.5218   3[851]
  9.5341   1[541]
  9.6373   7[703]
  9.6566   1[851]
  9.6704  11[945]
  9.7005   7[844]
  9.8440   9[824]
  9.9459   5[402]
 10.3330   3[701]
 10.7416   1[701]
 10.7835  13[936]
 10.7996   7[404]
 10.9499   3[842]
 10.9855   5[703]
 11.0053   9[705]
 11.0666   9[835]
 11.0765   5[833]
 11.1698   7[523]
 11.1749   1[411]
 11.2919   1[831]
 11.8672   3[411]
 11.8709   1[990]
 11.9112   5[532]
 12.1713  11[815]
 12.1866   3[541]
 12.2239   3[981]
 12.2771   1[530]
 12.4282  15[927]
 12.4833   5[822]
 12.6695   5[972]
 12.7078   5[413]
 12.8830   1[981]
 13.0101   1[820]
 13.0119  11[826]
 13.2177   7[824]
 13.2711   3[822]
 13.4242   7[943]
 13.5019   9[404]
 13.5184  13[806]
 13.7704   1[970]
 13.8610   1[420]
 13.8747   3[972]
 14.1040   1[*80]
 14.1071   7[813]
 14.1814   3[*71]
 14.3132   5[*62]
 14.5178   3[811]
 14.5324   7[*73]
 14.5763   9[934]
 14.5806   9[804]
 14.5838   3[422]
 14.6921   3[961]
 14.7229  17[918]
 14.8360   1[811]
 14.8858   7[413]
 14.9002   5[963]
 14.9200   9[*64]
 14.9992   1[961]
 15.0033   5[*02]
 15.0100   1[431]
 15.2898   1[301]
 15.3563  11[*55]
 15.6790   5[813]
 15.7619   5[932]
 15.7918  13[817]
 15.8101   1[*00]
 15.8148   3[301]
 15.8491  19[909]
 15.9747   7[954]
 16.0459   9[815]
 16.1123   3[*02]
 16.1680   1[950]
 16.2535   3[952]
 16.2779  13[*46]
 16.2782  11[925]
 16.2893   5[422]
 16.4912   1[**0]
 16.5331   7[804]
 16.7338   3[431]
 16.8533   1[431]
 16.8541   5[303]
 16.9175   3[*91]
 16.9961  15[808]
 17.1173   9[945]
 17.2562   7[923]
 17.2880  11[806]
 17.4878   5[943]
 17.5409   1[*91]
 17.5505   5[*82]
 17.5989   3[932]
 17.6217   1[941]
 17.8508  15[*37]
 17.8998   1[310]
 18.4575  13[916]
 18.4951   1[*80]
 18.4985   7[303]
 18.5339   7[*53]
 18.6162   3[*82]
 18.6443  11[936]
 18.6569   3[312]
 18.8564   7[934]
 19.0637   3[921]
 19.3154   1[921]
 19.3167   9[914]
 19.3565  17[*28]
 19.4755   5[923]
 19.5417   9[*44]
 19.6499  15[907]
 19.7263   3[*71]
 19.8330   5[312]
 19.8446   5[*73]
 19.9411   1[321]
 20.0796   1[*90]
 20.1032   1[*71]
 20.2803   3[*81]
 20.4603   5[*92]
 20.5599   9[925]
 20.6570   7[*83]
 20.7244   5[912]
 20.8287  13[927]
 20.8452   1[**0]
 20.8866   3[321]
 20.9146  11[905]
 20.9495   9[*74]
 21.0232  11[*35]
 21.0486   1[330]
 21.1121   5[*73]
 21.1538   1[910]
 21.3828   7[*64]
 21.4062  11[*65]
 21.4384   3[912]
 21.4389   1[200]
 21.5693   7[914]
 21.6987   1[*71]
 21.7006  19[*19]
 21.7663   3[**1]
 21.8021   3[*62]
 22.1557  13[*56]
 22.2221   3[202]
 22.2928   7[903]
 22.3294   1[**1]
 22.4918   7[*33]
 22.6379  13[*26]
 22.6400  11[916]
 22.6855   5[*92]
 22.7081  21[*0*]
 22.9345   3[901]
 23.0502   5[202]
 23.0593  15[*47]
 23.1183   9[*55]
 23.1929   3[*31]
 23.3056   1[901]
 23.3341   9[905]
 23.3427   5[903]
 23.4459   5[*53]
 23.4786   1[*51]
 23.7349   3[*92]
 23.7648   7[*63]
 23.7704   9[*24]
 23.7896   1[*90]
 23.8025   1[211]
 23.9358  15[918]
 23.9615  13[907]
 24.2628   3[211]
 24.3993  17[*38]
 24.4968  15[*17]
 24.5169   5[*22]
 24.6624   9[*54]
 24.7123  11[*46]
 24.7795   7[*44]
 24.8831   1[220]
 24.8837   1[*40]
 24.9114   3[*42]
 25.0981   3[*81]
 25.2172  11[*15]
 25.2204   5[*83]
 25.3560  17[*08]
 25.5818  17[909]
 25.6173   1[*81]
 25.6711   1[**0]
 25.7349  11[*45]
 25.8117   3[**1]
 25.8314   5[*33]
 25.9033   1[*20]
 25.9695   9[*35]
 26.0309   7[*13]
 26.0925  13[*06]
 26.0963   5[**2]
 26.0971   3[*22]
 26.2962   5[*83]
 26.4654   7[*93]
 26.5421   7[*74]
 26.5690  13[*37]
 26.6767   7[*24]
 26.6937  19[*29]
 26.7939   1[101]
 26.9542   9[*84]
 27.0599  13[*36]
 27.0708   3[101]
 27.0987   1[*70]
 27.1670   3[*72]
 27.1925  11[*26]
 27.1993   3[*11]
 27.2841   9[*04]
 27.3064   1[*80]
 27.6215   7[*74]
 27.6397   1[*11]
 27.6714   5[*13]
 27.6882  11[*75]
 27.7362   3[*71]
 27.9428   9[*34]
 28.0715   1[110]
 28.0790   9[*15]
 28.2899   5[*82]
 28.4176  13[*66]
 28.5690   3[*72]
 28.5923   1[**1]
 28.6859   5[802]
 28.7312   5[932]
 28.7691  15[*28]
 28.7711   9[*65]
 28.9301  13[*17]
 28.9444   1[*41]
 29.0315   7[*73]
 29.0935  11[*06]
 29.2343  21[*1*]
 29.2770   1[800]
 29.3033   7[*04]
 29.3275   3[**2]
 29.4484   1[**0]
 29.4804   3[802]
 29.6116   5[*32]
 29.7048  15[*57]
 29.9136  15[*08]
 30.0043  11[*56]
 30.1405  23[*0*]
 30.1696   1[*30]
 30.2098   7[*34]
 30.2214   9[*64]
 30.3358   5[*93]
 30.3489   3[*32]
 30.3730   3[*51]
 30.4235  15[*27]
 30.4558   1[000]
 30.6927  17[*48]
 30.8900   1[**0]
 30.9367   1[*91]
 31.0960   3[**1]
 31.7229   1[*41]
 31.7862   7[*84]
 31.8086   5[*43]
 31.8152   3[*52]
 31.8186  17[*19]
 31.8658   5[*62]
 31.8889  19[*39]
 31.9617   9[*45]
 32.0324   7[*54]
 32.0755   5[**2]
 32.1376  11[*36]
 32.2234  13[*47]
 32.7314   1[*80]
 32.7577   3[*82]
 33.0665  11[*55]
 33.2710   1[**0]
 33.3061  19[*0*]
 33.5095  11[*25]
 33.5150  17[*18]
 33.6334   7[*83]
 33.9122   9[*94]
 33.9504   3[*81]
 33.9701   1[**1]
 34.2415  21[*2*]
 34.3956  11[*85]
 34.5252  13[*46]
 34.5467   9[*75]
 34.5601  15[*38]
 34.6090  13[*76]
 34.6475   5[*72]
 34.6939  19[*09]
 34.8343   3[**2]
 34.9768   7[*23]
 35.1897  13[*76]
 35.1975   1[**0]
 35.2317   7[*53]
 35.4886   9[*25]
 36.0996   5[*73]
 36.1002   3[*21]
 36.1037  15[*67]
 36.1911   5[*23]
 36.2292  13[*16]
 36.3640   3[*31]
 36.3957  23[*1*]
 36.5014   1[*21]
 36.5181  15[*37]
 36.6359   1[*71]
 36.6532  11[*66]
 36.8733  17[*58]
 37.2006  25[*0*]
 37.2384   9[*44]
 37.7184  17[*29]
 37.9001  17[*28]
 38.0709   7[**3]
 38.1221  15[*07]
 38.1969   9[*14]
 38.2688   7[*64]
 38.5715  11[*16]
 38.7011  15[*18]
 38.7019   5[*62]
 38.7880   9[*94]
 38.8836   3[*62]
 38.9076  19[*49]
 39.0189   1[*60]
 39.1758   5[**3]
 39.2009   1[**0]
 39.3295   3[**1]
 39.3661  19[*19]
 39.3883  11[*35]
 39.4775  13[*57]
 39.5463   3[**1]
 39.5624  11[*65]
 39.5971   5[**2]
 39.7346  17[*09]
 39.7526   7[*14]
 39.8394   5[*12]
 39.8773   1[**1]
 39.9487   7[**3]
 40.0740   9[*55]
 40.3157  21[*0*]
 40.3654  13[*56]
 40.5582   3[*12]
 40.6437   1[*10]
 40.7156   5[*53]
 40.7182  19[*1*]
 40.9689   9[**4]
 41.0063   7[*44]
 41.0580  13[*26]
 41.0730   7[*94]
 41.0755   1[*40]
 41.1412  11[*46]
 41.1443   3[*42]
 41.1740  13[*07]
 41.3922   5[*92]
 41.4582  11[*05]
 41.5235  15[*48]
 41.7138  21[*0*]
 42.0049  13[*37]
 42.2232   7[*33]
 42.2610   9[*85]
 42.2976   9[*35]
 42.3341  11[*95]
 42.5473   3[*92]
 42.6023   1[*90]
 42.7334  15[*17]
 42.7819   7[*83]
 42.8582  15[*47]
 42.8619   9[*05]
 43.1352   5[*33]
 43.1823   3[*31]
 43.2462  15[*28]
 43.3450   1[*31]
 43.4599  17[*39]
 43.5770  11[*76]
 43.7351   7[*03]
 43.8896  13[*86]
 43.8956   9[*74]
 43.9329  11[*26]
 43.9410   9[*24]
 43.9888  17[*08]
 44.1083   5[*03]
 44.4077   3[*01]
 44.5318   5[*03]
 44.5467   1[**0]
 44.7414   1[*01]
 44.8853   3[**1]
 44.8999   1[**1]
 45.0737  17[*19]
 45.0761   3[*01]
 45.1596   5[**2]
 45.3144   1[*01]
 45.3373   3[**2]
 45.4045   7[*24]
 45.4491  19[*2*]
 45.5201  13[*67]
 45.5343   7[*74]
 45.8451   5[*22]
 45.9814  11[*15]
 46.0322  13[*17]
 46.0365  11[*45]
 46.0610   5[*72]
 46.4044   5[**3]
 46.4451   3[*72]
 46.4609   3[*22]
 46.4891  19[*0*]
 46.5103   7[**4]
 46.5492   1[*20]
 46.6139   1[*70]
 46.7790  13[*36]
 46.8025   9[*65]
 47.0462   5[*63]
 47.2297   7[*54]
 47.4951   3[*52]
 47.4962   1[*50]
 47.5310  11[*56]
 47.5381  15[*08]
 47.5404  15[*58]
 47.5801  13[*06]
 47.6075   9[*15]
 47.7358   7[*93]
 47.8452   1[**0]
 47.8704   9[*15]
 48.2237  21[*1*]
 48.2614  13[*47]
 48.2783   7[*13]
 48.7220   9[*45]
 48.8392   3[**1]
 48.8753   9[*84]
 48.8775   1[**1]
 49.0625   7[*43]
 49.0914   5[*13]
 49.1841  17[*49]
 49.1877   1[**0]
 49.2354  23[*0*]
 49.3072  11[*86]
 49.4323   3[*11]
 49.5476  11[*36]
 49.5650  11[*06]
 49.7093   1[*11]
 49.8292   9[*34]
 50.1166   5[*43]
 50.1505   9[*04]
 50.2153   3[**2]
 50.4309   5[*93]
 50.5433   5[**2]
 50.7061   3[*41]
 50.7958   3[*91]
 50.9555   1[*41]
 51.1594   7[*04]
 51.2382   7[*34]
 51.4443   7[*84]
 51.5515   5[*82]
 51.6059   1[*91]
 51.7915   5[*32]
 51.8120   5[*02]
 51.9066   1[**1]
 52.0778   3[**1]
 52.1917   3[*02]
 52.3875   1[*00]
 52.3965   3[*32]
 52.6088   1[*30]
 52.7268   3[*82]
 52.9328   1[*80]
 54.0848   1[**0]
