   .0000   7[613]
   .0482   9[615]
   .2100  11[725]
   .2766   3[622]
   .3071   1[620]
  1.2105  13[716]
  1.2444   9[734]
  1.3109   1[501]
  1.4045   1[770]
  1.4066   9[604]
  1.5028   3[761]
  1.5584   3[611]
  1.6207   1[631]
  1.7011   5[503]
  1.7541   7[743]
  1.7837   3[501]
  1.8093   5[752]
  1.8308   5[613]
  1.8773   1[761]
  1.8876   5[622]
  2.0138   7[624]
  2.0260   3[752]
  2.0297  11[606]
  2.1989   1[611]
  2.2264   5[503]
  2.2419   1[750]
  2.2767   3[501]
  2.4417  13[606]
  2.5117   1[860]
  2.5527   5[743]
  2.5874   3[851]
  2.6448   5[862]
  2.6613   7[734]
  2.7675   7[853]
  2.7980  15[707]
  3.0441   3[631]
  3.2003   5[633]
  3.2349   9[844]
  3.2618   1[770]
  3.3359   1[660]
  3.5167   3[642]
  3.5746   1[651]
  3.6062   5[602]
  3.7900   7[723]
  3.9438   7[503]
  3.9455  11[835]
  4.0561  11[615]
  4.1958   1[730]
  4.2084   7[604]
  4.2159   3[732]
  4.2528   9[505]
  4.3969   9[725]
  4.4095   1[510]
  4.4491   1[600]
  4.4800   3[512]
  4.6723   3[602]
  5.3290  13[826]
  5.7197   3[721]
  5.9372   9[624]
  5.9466   5[512]
  5.9956   9[714]
  6.1009   5[723]
  6.3349   1[721]
  6.4704   7[514]
  6.8293   7[633]
  6.9982   1[880]
  7.0832   3[871]
  7.1427   1[521]
  7.1737   5[642]
  7.2660   3[651]
  7.2882  11[716]
  7.3196   5[862]
  7.3427   1[640]
  7.6163  15[817]
  7.6815  11[705]
  7.9306   5[712]
  8.0573   7[833]
  8.1153   3[521]
  8.1916  11[505]
  8.2561   1[970]
  8.3262   1[871]
  8.3418   3[961]
  8.4693   3[862]
  8.4786   5[972]
  8.5086   7[963]
  8.5744   1[860]
  8.6482   1[400]
  8.7048   5[523]
  8.7568   1[710]
  8.7898   9[954]
  8.7912   1[330]
  8.8248   5[853]
  8.8316   3[402]
  8.9082   7[714]
  9.0664   3[712]
  9.1949  17[808]
  9.3925   3[532]
  9.4067   3[851]
  9.4445  11[945]
  9.4750   9[824]
  9.5008   1[541]
  9.5217   7[844]
  9.5423  13[707]
  9.6261   1[851]
  9.6463   7[703]
  9.7922   9[514]
 10.0331   5[402]
 10.4006  13[936]
 10.4047   3[701]
 10.7348   9[835]
 10.8269   3[842]
 10.8283   1[701]
 10.8449   5[833]
 10.9131   7[404]
 11.0671   9[705]
 11.0756   5[703]
 11.1445   1[831]
 11.4129   7[523]
 11.4812   1[411]
 11.8088  11[826]
 11.9715  15[927]
 12.0254   5[532]
 12.1277   1[990]
 12.1592   3[411]
 12.2064   3[541]
 12.2753   1[530]
 12.2914   5[822]
 12.4013   3[981]
 12.6180  11[826]
 12.6876   5[972]
 12.8542   1[820]
 12.9639   7[824]
 13.0207   5[413]
 13.0722   1[981]
 13.0899   3[822]
 13.2697   7[943]
 13.5939   9[404]
 13.6117  13[806]
 13.8825   1[981]
 13.9413   3[972]
 13.9531   7[813]
 13.9723   1[420]
 14.2642   1[*71]
 14.2891   9[934]
 14.3436   3[*71]
 14.3840  17[918]
 14.4414   3[811]
 14.4688   5[*62]
 14.6061   7[*73]
 14.6410   9[*64]
 14.6959   3[972]
 14.7292   3[422]
 14.7801   1[811]
 14.8473   5[963]
 14.9326   9[*64]
 14.9707   1[961]
 14.9827   1[431]
 15.0199   5[813]
 15.1288   7[413]
 15.1805  11[*55]
 15.2883  13[817]
 15.3806   1[301]
 15.6329   5[813]
 15.6762   5[963]
 15.8344   7[954]
 15.8361   9[815]
 15.8488   1[*00]
 15.9005  19[909]
 15.9019   3[301]
 15.9205  11[925]
 16.0282  13[*46]
 16.0976   1[950]
 16.1738   3[802]
 16.1876   3[952]
 16.4353   5[422]
 16.6180   7[804]
 16.7672   3[431]
 16.7729   1[**0]
 16.8103  15[*37]
 16.8423   9[945]
 16.8444   1[431]
 16.9516   5[303]
 17.0484   7[923]
 17.1280   3[*91]
 17.3760  11[806]
 17.4020   5[943]
 17.4921   3[932]
 17.5558   1[941]
 17.6185  15[808]
 17.6508   5[*82]
 17.7571   1[*91]
 18.1049   1[310]
 18.2138  11[936]
 18.2299  13[916]
 18.5032   7[*53]
 18.5770   7[303]
 18.6087   1[*80]
 18.7104   7[934]
 18.7361   3[*82]
 18.8281  17[*28]
 18.8641   3[312]
 18.9534   3[921]
 19.1203   9[914]
 19.1773   1[921]
 19.3019   5[923]
 19.3723   9[*44]
 19.7246  15[907]
 19.7403   3[*71]
 19.8173   5[*73]
 19.9424   1[321]
 20.0035   5[312]
 20.1153   1[*71]
 20.2369  13[927]
 20.3201   9[925]
 20.3335   1[*90]
 20.4836   3[*81]
 20.5555   5[912]
 20.6476   5[*72]
 20.7305  11[*35]
 20.7861   7[*83]
 20.9376   3[321]
 20.9443  11[905]
 20.9697   1[910]
 20.9770   9[*74]
 21.0358   1[321]
 21.0544   1[**0]
 21.0977   5[*73]
 21.2543   7[*64]
 21.2627   3[912]
 21.3062  11[*65]
 21.3413  19[*19]
 21.4529   7[914]
 21.5110   1[200]
 21.6958   1[*71]
 21.7889   3[*62]
 21.9003  13[*56]
 21.9457   3[**1]
 22.1923   7[903]
 22.2935   3[202]
 22.3255  13[*26]
 22.3739   7[*33]
 22.4042  11[916]
 22.5673   1[**1]
 22.5937  15[*47]
 22.7725  21[*0*]
 22.7964   5[*92]
 22.8644   3[901]
 22.8783   9[*55]
 23.1089   5[202]
 23.1155   3[*31]
 23.2398   1[901]
 23.2961   5[903]
 23.3271   9[905]
 23.3590   5[*53]
 23.4046   1[*51]
 23.5634  15[918]
 23.6062   9[*24]
 23.7346   7[*63]
 23.8942   3[*92]
 23.8993   1[211]
 23.8997   1[*90]
 24.0043  17[*38]
 24.0151  13[907]
 24.3358  15[*17]
 24.3546   3[211]
 24.3679  11[*46]
 24.4181   5[*22]
 24.5253   9[*54]
 24.7007   7[*44]
 24.8134   1[*40]
 24.8557   1[220]
 24.8650   3[*42]
 25.0841  11[*15]
 25.0903   3[*81]
 25.2003   5[*83]
 25.4335  17[*08]
 25.4881  17[909]
 25.5135  11[*45]
 25.6210   1[*81]
 25.7405   5[*33]
 25.7685   1[*20]
 25.8153   9[*35]
 25.8882   7[*13]
 25.9011   3[*22]
 25.9097   1[**0]
 25.9551  13[*37]
 26.0786   3[**2]
 26.0887  19[*29]
 26.2015  13[*06]
 26.2309   5[*83]
 26.2774   5[**2]
 26.3888   7[*74]
 26.4588   7[*24]
 26.6115   7[*93]
 26.7983  13[*36]
 26.8309   1[101]
 26.9424  11[*26]
 26.9939   3[*11]
 26.9987   9[*84]
 27.0324   1[*81]
 27.0767   3[*72]
 27.1024   3[101]
 27.2276   9[*04]
 27.3639   1[*11]
 27.4817   5[*13]
 27.4929   1[*11]
 27.5246   7[*74]
 27.6658  11[*75]
 27.7063   9[*34]
 27.8412   3[*71]
 27.8604   9[*15]
 28.0819   1[110]
 28.1961  15[*28]
 28.2595  13[*66]
 28.3400   5[*82]
 28.4836   3[*72]
 28.5584   5[802]
 28.5616   5[*32]
 28.6574   9[*65]
 28.7256  13[*17]
 28.8317   1[*41]
 28.8317   1[**1]
 28.9096  21[*1*]
 29.0094   7[*73]
 29.0183  11[*06]
 29.1641   1[800]
 29.2261   7[*04]
 29.3259   3[802]
 29.4299  15[*57]
 29.5010   3[**2]
 29.5257   1[**0]
 29.5731   5[*32]
 29.7370  11[*56]
 29.8665  15[*08]
 30.0303  15[*27]
 30.0904   1[*30]
 30.1144   7[*34]
 30.1436  23[*0*]
 30.1477   9[*64]
 30.2492  17[*48]
 30.2661   3[*32]
 30.3368   5[*93]
 30.3670   3[*51]
 30.4535   1[000]
 30.9488   1[*91]
 31.1754   1[**0]
 31.3615   3[**1]
 31.4437  17[*19]
 31.5089  19[*39]
 31.7046   7[*84]
 31.7245   1[*41]
 31.8103   3[*52]
 31.8324   5[*43]
 31.8335  13[*47]
 31.8380   5[*82]
 31.8650  11[*25]
 31.8868   9[*45]
 31.9917   7[*54]
 32.2861   5[**2]
 32.7188   1[*80]
 32.7505   3[*82]
 32.9626  11[*55]
 33.2292  19[*0*]
 33.2640  11[*25]
 33.3054  17[*18]
 33.4548   1[**0]
 33.6945  21[*2*]
 33.7097   7[*83]
 33.9221   9[*94]
 34.0078  15[*38]
 34.0368   3[*81]
 34.1450   1[**1]
 34.2449  13[*27]
 34.3347  13[*46]
 34.3725  11[*85]
 34.4323   9[*75]
 34.5847  19[*09]
 34.6664   5[*72]
 34.6702   7[*23]
 34.9503   3[**2]
 35.0108  13[*76]
 35.1312   9[*25]
 35.1613   7[*53]
 35.2378   1[**0]
 35.7835   3[*21]
 35.8063  15[*67]
 35.8459  13[*16]
 35.8611   5[*23]
 36.0600  23[*1*]
 36.0773   5[*73]
 36.1888   1[*21]
 36.2237  15[*37]
 36.2260  17[*58]
 36.2906   3[*31]
 36.4498  11[*66]
 36.5904   1[*71]
 37.1271   9[*44]
 37.2167  25[*0*]
 37.2777  17[*29]
 37.5927  17[*28]
 37.8351   9[*14]
 37.9050  15[*07]
 38.0326   7[**3]
 38.1316  11[*16]
 38.2815   7[*64]
 38.3875  15[*18]
 38.4522  19[*49]
 38.6595   5[*62]
 38.6943   9[*94]
 38.9230   3[*62]
 39.0270   1[*60]
 39.0900   5[**3]
 39.1272  13[*57]
 39.1310  19[*19]
 39.1495  11[*35]
 39.2913   1[**1]
 39.3435   7[*14]
 39.4142   3[**1]
 39.4308  11[*65]
 39.4775   3[**1]
 39.5115   5[*12]
 39.5782  17[*09]
 39.6739   5[**2]
 39.7778   1[**1]
 39.9553   7[**3]
 39.9875   9[*55]
 40.1753  13[*56]
 40.1871   3[*12]
 40.1872  21[*0*]
 40.3076  19[*1*]
 40.3262   1[*10]
 40.5717   5[*53]
 40.7682  13[*26]
 40.8381   7[*44]
 40.8751   1[*40]
 40.8950   9[**4]
 40.9174  11[*46]
 40.9396   3[*42]
 40.9461  13[*07]
 40.9968   7[*94]
 41.0895  15[*48]
 41.1809  11[*05]
 41.3390   5[*92]
 41.6677  13[*37]
 41.7013  21[*0*]
 41.9780   7[*33]
 42.0034   9[*35]
 42.0903   9[*85]
 42.2169  11[*95]
 42.4289  15[*17]
 42.5510   3[*92]
 42.5831   1[*90]
 42.5942  15[*47]
 42.6003   9[*05]
 42.6365   7[*83]
 42.8153  15[*28]
 42.8579   5[*33]
 42.9495   3[*31]
 42.9893  17[*39]
 43.1525   1[*31]
 43.3302  11[*76]
 43.4642   7[*03]
 43.5295  11[*26]
 43.6142   9[*24]
 43.7141  13[*86]
 43.7254   9[*74]
 43.7372  17[*08]
 43.9077   5[*03]
 44.1991   3[*01]
 44.3768   5[*83]
 44.5187   1[*01]
 44.5761   1[**0]
 44.6383  17[*19]
 44.8798   3[*81]
 44.9045   1[**1]
 44.9227   3[**1]
 45.0377   7[*24]
 45.0660   5[*22]
 45.1132  19[*2*]
 45.1645   1[*81]
 45.1869  13[*67]
 45.3234   3[**2]
 45.4444   7[*74]
 45.6226  11[*15]
 45.6342   5[*22]
 45.6389  13[*17]
 45.7783  11[*45]
 45.9332   5[*72]
 46.1034  19[*0*]
 46.1191   3[*22]
 46.2177   1[*20]
 46.3215   5[**3]
 46.4211   3[*72]
 46.4241   7[**4]
 46.4634  13[*36]
 46.5778   1[*70]
 46.7253   9[*65]
 46.9796   5[*63]
 47.1337   7[*54]
 47.1758  15[*58]
 47.2557  13[*06]
 47.2671  15[*08]
 47.3104   9[*15]
 47.3294   1[*50]
 47.3333   3[*52]
 47.3924  11[*56]
 47.5764   9[*95]
 47.5851   7[*93]
 47.8725  21[*1*]
 47.9090   1[**0]
 47.9353   7[*13]
 48.0197  13[*47]
 48.4376   9[*45]
 48.7019   5[*13]
 48.7435  17[*49]
 48.7616   9[*84]
 48.7789   7[*43]
 48.8516   3[**2]
 48.8899   1[**1]
 49.0255  11[*86]
 49.0503   3[*11]
 49.1611  11[*36]
 49.2107  23[*0*]
 49.2478  11[*06]
 49.3182   1[**0]
 49.3198   1[*11]
 49.4905   9[*34]
 49.7990   9[*04]
 49.8381   5[*43]
 50.1796   3[*41]
 50.3393   5[*93]
 50.5782   3[**2]
 50.6135   5[**2]
 50.6651   1[*41]
 50.7089   3[*91]
 50.8379   7[*04]
 50.8726   7[*34]
 51.3063   7[*84]
 51.3139   5[*02]
 51.4460   5[*32]
 51.5397   1[*91]
 51.5831   5[*82]
 51.8366   3[*02]
 51.9971   3[*32]
 52.0264   1[*00]
 52.0278   1[**1]
 52.2117   3[**1]
 52.2643   1[*30]
 52.6223   3[*82]
 52.8236   1[*80]
 54.1975   1[**0]
