   .0000   9[615]
   .0549   7[613]
   .3437   3[622]
   .3524  11[725]
   .3610   1[620]
   .8200  13[716]
  1.2613   3[611]
  1.2921   9[734]
  1.3256   1[501]
  1.4162   1[660]
  1.4780   5[613]
  1.4791   9[604]
  1.6206   1[770]
  1.6939   7[743]
  1.7003   3[761]
  1.7410   5[752]
  1.8195   3[501]
  1.9060   1[611]
  1.9181   5[752]
  2.0065   5[503]
  2.0185   5[622]
  2.0201  11[606]
  2.0245   1[750]
  2.0339   3[501]
  2.1052   1[761]
  2.1971   7[624]
  2.2539   3[752]
  2.4548  13[606]
  2.5858   5[743]
  2.5901   7[734]
  2.7052   1[860]
  2.7920   3[851]
  2.8040  15[707]
  2.8746   5[862]
  2.9530   7[853]
  2.9759   3[631]
  3.1283   1[660]
  3.1437   5[633]
  3.2214   9[844]
  3.3048   3[642]
  3.3848   1[651]
  3.5811   1[770]
  3.6161   7[723]
  3.6423   5[602]
  3.8027  11[835]
  3.9159   7[503]
  4.0761   9[725]
  4.2090   7[604]
  4.2388   3[732]
  4.2848   1[741]
  4.2938   9[505]
  4.3830  11[615]
  4.5324   1[600]
  4.7008   1[510]
  4.7466   3[602]
  4.7920   3[512]
  5.0292  13[826]
  5.5910   3[721]
  5.6580   9[714]
  5.8950   5[723]
  6.0641   9[624]
  6.1905   1[721]
  6.2306   5[512]
  6.7960  11[716]
  6.8047   7[633]
  6.8238   7[514]
  7.0542   5[642]
  7.1062   1[521]
  7.1238   3[651]
  7.1477  15[817]
  7.2127   1[640]
  7.2411   1[880]
  7.3263   3[871]
  7.4540   5[862]
  7.6893   5[712]
  7.7268  11[705]
  8.0143   7[833]
  8.1344   3[521]
  8.2018  11[505]
  8.4574   1[961]
  8.5307   7[714]
  8.5360   1[710]
  8.5535   3[961]
  8.5801   1[550]
  8.6134   1[871]
  8.6200   1[400]
  8.6741   5[952]
  8.7467   5[523]
  8.7501   7[963]
  8.7547   3[862]
  8.8176   3[402]
  8.8210   3[712]
  8.8766   1[880]
  8.8926   9[954]
  8.9831   5[853]
  9.2130  17[808]
  9.2340   3[532]
  9.2463   9[824]
  9.3122   1[541]
  9.3457  11[945]
  9.4674   3[851]
  9.5170   7[844]
  9.6200  13[707]
  9.7066   7[703]
  9.7795   1[851]
 10.0223   5[402]
 10.0281   9[514]
 10.0930  13[936]
 10.5149   3[701]
 10.5408   9[835]
 10.7370   5[833]
 10.8381   3[842]
 10.9410   7[404]
 10.9520   1[701]
 11.1098   1[831]
 11.1210   9[705]
 11.1977   5[703]
 11.3731  11[826]
 11.4371   7[523]
 11.5586  15[927]
 11.6793   1[411]
 11.9210   5[532]
 12.0436   3[541]
 12.1169   1[530]
 12.1804   5[833]
 12.2781  11[826]
 12.3458   3[411]
 12.4875   1[990]
 12.7057   7[824]
 12.7109   3[981]
 12.7520   1[820]
 12.9113   5[972]
 12.9416   3[822]
 13.2325   5[413]
 13.3059   7[943]
 13.5257   1[**0]
 13.5870   9[404]
 13.7298  13[806]
 13.7820   7[813]
 13.8230   1[220]
 13.8561  17[918]
 14.1593   9[934]
 14.1720   1[981]
 14.1793   3[*61]
 14.3144   3[811]
 14.4737   1[*71]
 14.5750   3[*71]
 14.6351   3[422]
 14.6810   1[811]
 14.6822  13[817]
 14.6915   5[*62]
 14.7911   1[431]
 14.7995   7[*73]
 14.8413   9[804]
 14.9476   9[*64]
 14.9526   3[972]
 14.9611   5[813]
 14.9951   5[963]
 15.1086   1[961]
 15.1950  11[*55]
 15.2658   7[413]
 15.3670   1[301]
 15.5598   9[815]
 15.6302   5[802]
 15.6360  11[925]
 15.7456   5[963]
 15.8769   7[954]
 15.8809  13[*46]
 15.8828   3[301]
 15.9215   1[*00]
 15.9331  19[909]
 16.1347   1[950]
 16.2222   3[952]
 16.2670   3[802]
 16.3647   5[422]
 16.6105   3[431]
 16.6726   1[431]
 16.6779  15[*37]
 16.7379   7[804]
 16.7633   9[945]
 16.9281   7[923]
 16.9469   5[303]
 17.1628   1[**0]
 17.4066   5[943]
 17.4584   3[*41]
 17.4637  15[808]
 17.4724  11[806]
 17.4773   3[*91]
 17.5613   1[941]
 17.8586  13[916]
 17.9211   5[*82]
 17.9562  11[936]
 18.1028   1[*91]
 18.1564   1[310]
 18.3147  17[*28]
 18.5434   7[303]
 18.6367   7[934]
 18.6443   7[*73]
 18.8558   9[914]
 18.8905   1[*80]
 18.9001   3[921]
 18.9315   3[312]
 19.0203   3[*82]
 19.0844   1[921]
 19.1417   5[923]
 19.3665   9[*44]
 19.7486   1[321]
 19.7571  13[927]
 19.8561  15[907]
 19.8933   3[*71]
 19.9649   5[*73]
 20.0391   5[312]
 20.1421   9[925]
 20.2564   1[*71]
 20.4037   5[912]
 20.5435  11[*35]
 20.6263   1[*81]
 20.7335   3[*81]
 20.7453  19[*19]
 20.7865   3[321]
 20.7996   1[910]
 20.8537   1[321]
 20.9032   5[*72]
 21.0037   7[*83]
 21.0289  11[905]
 21.0771   3[912]
 21.1486   9[*74]
 21.1979   5[*73]
 21.2933   7[*64]
 21.3043   7[914]
 21.3569  11[*65]
 21.4609   1[200]
 21.5069   1[**0]
 21.7813   1[*71]
 21.8029  13[*56]
 21.8657   3[*62]
 22.0343  13[*26]
 22.0742  11[916]
 22.1269   7[903]
 22.1400  15[*47]
 22.2431   3[202]
 22.3183   3[**1]
 22.3488   7[*33]
 22.7624   9[*55]
 22.8157   3[901]
 22.8186  21[*0*]
 23.0404   5[202]
 23.0500  15[918]
 23.1019   1[**1]
 23.1043   3[*31]
 23.1947   1[901]
 23.2715   5[903]
 23.3249   5[*53]
 23.3583   9[905]
 23.3834   5[*92]
 23.3876   1[*51]
 23.5076  17[*38]
 23.5211   9[*24]
 23.8318   1[211]
 23.8683   7[*83]
 24.0261  15[*17]
 24.0986  13[907]
 24.2048  11[*46]
 24.2906   3[211]
 24.3751   5[*22]
 24.4257   1[*90]
 24.5200   3[*92]
 24.5303   9[*54]
 24.6537   1[220]
 24.6846   7[*44]
 24.7885   1[*40]
 24.8630   3[*42]
 24.8775  11[*15]
 25.3779   3[*81]
 25.4079  11[*45]
 25.4238  17[909]
 25.4796   5[*83]
 25.4798  19[*29]
 25.5512  17[*08]
 25.6940  13[*37]
 25.7207   7[*13]
 25.7245   1[*31]
 25.7332   5[*33]
 25.7595   9[*35]
 25.8461   3[*22]
 25.9297   1[*81]
 26.1615  13[*06]
 26.2616   1[**0]
 26.3356   7[*24]
 26.3882   7[*43]
 26.3894   5[*83]
 26.3963   3[*91]
 26.5944   5[**2]
 26.6010  13[*36]
 26.7277   1[101]
 26.7489   3[*11]
 26.7679  11[*26]
 26.8738   7[*93]
 26.9923   3[101]
 27.0874   9[*15]
 27.1310   1[*81]
 27.1437   3[941]
 27.1492   1[*11]
 27.2355   5[*13]
 27.2846   9[*84]
 27.5256   7[*74]
 27.5689   9[*34]
 27.5888   9[*15]
 27.6529  15[*28]
 27.6829   1[*80]
 27.9280   1[110]
 27.9483  11[*75]
 27.9989  21[*1*]
 28.0609   3[*71]
 28.3584  13[*17]
 28.3908   5[802]
 28.4842   5[*32]
 28.4935   3[*72]
 28.5397   5[*82]
 28.6600   9[*65]
 28.6678  13[*66]
 28.7953   1[930]
 28.9431  11[*06]
 29.0245   7[*04]
 29.0355   1[800]
 29.2068   7[*73]
 29.2153   3[802]
 29.2375   1[**1]
 29.2582  15[*57]
 29.5890  11[*56]
 29.6157   5[*32]
 29.6387  15[*27]
 29.7647   1[**0]
 29.8185   3[**2]
 29.8534  17[*48]
 29.8805  15[*08]
 30.0886   1[*30]
 30.0942   7[*34]
 30.1677  23[*0*]
 30.1911   9[*64]
 30.2551   3[*32]
 30.2970   1[000]
 30.4951   3[*91]
 30.5363   5[*93]
 30.8783  17[*19]
 31.1204   1[*91]
 31.2056  19[*39]
 31.6092  13[*47]
 31.6949  11[*25]
 31.8074   1[*50]
 31.8118   7[*84]
 31.8760   3[*52]
 31.9138   5[*82]
 31.9388   9[*45]
 31.9389   5[*43]
 32.0212   1[**1]
 32.0636   7[*54]
 32.0697  17[*18]
 32.5325   3[**1]
 32.8097   1[*80]
 32.8568   3[*82]
 33.0414  11[*55]
 33.0674  21[*2*]
 33.0957  11[*25]
 33.1450  19[*0*]
 33.3527  15[*38]
 33.7007   5[*92]
 33.8277   7[*83]
 33.8749   1[*90]
 33.8874  13[*27]
 33.9946   9[*94]
 34.2026   3[*81]
 34.4436   7[*23]
 34.4810   9[*75]
 34.4926  11[*85]
 34.4980   1[**1]
 34.5020  19[*09]
 34.8747   9[*25]
 34.9181  13[*46]
 34.9576  13[*76]
 35.1517   7[*53]
 35.3154  15[*67]
 35.3211  17[*58]
 35.4037   5[*23]
 35.4354   3[*21]
 35.4659  23[*1*]
 35.5138  13[*27]
 35.7556   1[*21]
 35.9762  15[*37]
 36.1198   5[*73]
 36.2678   3[*31]
 36.5909   1[*71]
 36.7186  17[*29]
 37.0141  15[*18]
 37.0751   9[*44]
 37.1050  19[*49]
 37.2619  25[*0*]
 37.2640  17[*28]
 37.3969  11[*66]
 37.4316   9[*14]
 37.6240  11[*16]
 37.6811   5[**2]
 37.8873  15[*07]
 38.1173   7[**3]
 38.3560   7[*64]
 38.4636   3[**2]
 38.5347   1[**0]
 38.6529   5[*62]
 38.7318   9[*94]
 38.7994  19[*19]
 38.8821   7[*14]
 38.9812  21[*3*]
 38.9872   3[*62]
 39.0141   5[*12]
 39.0547   1[*60]
 39.1193  13[*57]
 39.1928  19[*1*]
 39.2115  11[*35]
 39.3743  17[*09]
 39.4236  11[*65]
 39.5592   1[**1]
 39.6633   3[*12]
 39.6680   3[**1]
 39.7646   1[*10]
 39.8954   5[**2]
 40.0051   9[*55]
 40.0709  21[*0*]
 40.0852  13[*56]
 40.0946   7[**3]
 40.3961   5[**3]
 40.5222   5[*53]
 40.5600  13[*26]
 40.6440   3[**1]
 40.7126  13[*07]
 40.7341  15[*48]
 40.7452   1[*40]
 40.7693   7[*44]
 40.8077   3[*42]
 40.8125  11[*46]
 40.8987  11[*05]
 40.9613   9[**4]
 41.1266   7[*94]
 41.3099   1[**1]
 41.4470  13[*37]
 41.7815   5[*92]
 41.7887  21[*0*]
 41.8059  15[*47]
 41.8194   7[*33]
 41.8267   9[*35]
 42.0573  15[*17]
 42.0743   9[*85]
 42.3708   9[*05]
 42.4346  15[*28]
 42.5539   7[*03]
 42.5606  17[*39]
 42.6496   5[*33]
 42.7359  17[*38]
 42.7803   3[*31]
 42.9223   3[*92]
 43.0131   1[*90]
 43.0176   1[*31]
 43.1316  11[*26]
 43.2385  11[*76]
 43.2410   7[*03]
 43.3054   9[*24]
 43.4702  17[*08]
 43.6395   9[*74]
 43.6980   5[*03]
 43.8102  11[*95]
 44.0409   3[*01]
 44.0870  17[*19]
 44.3281   1[*01]
 44.5585   5[*83]
 44.6440  19[*2*]
 44.6890   7[*24]
 44.7970   1[**0]
 44.9421  13[*67]
 44.9511   5[*22]
 44.9704   3[*81]
 45.1297  13[*17]
 45.1667   1[**1]
 45.1826   3[**1]
 45.2052  11[*15]
 45.3746   1[*81]
 45.4619   7[*74]
 45.4633   3[**2]
 45.5866  11[*45]
 45.6665   5[**2]
 45.7494  19[*0*]
 45.8515   3[*22]
 45.9080   1[*20]
 46.0411   5[*72]
 46.2018  13[*36]
 46.4346  15[*58]
 46.4548   5[**3]
 46.5667   3[*72]
 46.5790   7[**4]
 46.7313   9[*65]
 46.8304   1[*70]
 46.8754   9[*15]
 46.8993  13[*06]
 46.9657  15[*08]
 47.0005   5[*63]
 47.1253   7[*54]
 47.2708   3[*52]
 47.2746  21[*1*]
 47.2839   1[*50]
 47.3484   7[*13]
 47.3835  11[*56]
 47.5494   9[*95]
 47.8004   7[*93]
 47.9258  13[*47]
 48.1977   1[**0]
 48.2373   5[*13]
 48.2523   9[*45]
 48.4372  15[*38]
 48.5113  17[*49]
 48.5781   7[*43]
 48.6009   3[*11]
 48.7770   9[*84]
 48.8319  11[*36]
 48.8609  11[*06]
 48.8678   1[*11]
 49.0580   3[**2]
 49.1006   1[**1]
 49.2044   9[*34]
 49.2058  23[*0*]
 49.4122   9[*04]
 49.6474   5[*43]
 50.1080   3[*41]
 50.1998  19[*3*]
 50.4258   5[*93]
 50.4337   1[*41]
 50.4665   7[*04]
 50.5555   7[*34]
 50.8194   3[*91]
 50.9494   5[*02]
 51.1370   5[*32]
 51.3098   7[*84]
 51.4405   3[*02]
 51.5876   5[*82]
 51.6232   1[*00]
 51.6687   1[*91]
 51.7043   3[*32]
 51.8704   1[**1]
 51.9468   3[**1]
 51.9777   1[*30]
 52.6633   3[*82]
 52.8744   1[*80]
 53.2262   1[**0]
