   .0000   3[622]
   .0000  13[716]
   .0080   1[620]
   .0637   7[613]
   .0941   9[615]
   .1499  11[725]
   .5453   3[611]
   .7084   5[613]
   .7969   1[660]
   .9258   9[734]
  1.1012   1[501]
  1.1033   9[604]
  1.1910   1[611]
  1.2250   7[743]
  1.3063   5[752]
  1.3995   3[741]
  1.5443   1[750]
  1.5495  11[606]
  1.5679   1[770]
  1.6801   3[761]
  1.7538   5[503]
  1.7564   3[501]
  1.7712   5[622]
  1.8436   5[752]
  1.9698   7[624]
  2.0405   1[761]
  2.2006   3[752]
  2.2609  13[606]
  2.3570   7[734]
  2.4011  15[707]
  2.4287   5[743]
  2.4870   3[631]
  2.5796   1[651]
  2.6234   1[860]
  2.6766   5[633]
  2.7040   3[851]
  2.7729   3[642]
  2.8034   5[862]
  2.8825   7[853]
  2.9051   1[651]
  3.0585   9[844]
  3.2145   7[723]
  3.2981   5[602]
  3.5157  11[835]
  3.5552   9[725]
  3.6371   1[770]
  3.7133   7[503]
  3.8178   7[604]
  4.1054   3[732]
  4.1489   9[505]
  4.2145   1[600]
  4.2189   1[741]
  4.4149   3[602]
  4.4797  13[826]
  4.4857  11[615]
  4.7517   1[510]
  4.8594   3[512]
  4.8998   9[714]
  5.2302   3[721]
  5.4479   5[723]
  5.7989   1[721]
  5.8171  11[716]
  5.8290   9[624]
  6.2462  15[817]
  6.2757   5[512]
  6.4021   7[633]
  6.5811   5[642]
  6.6501   1[521]
  6.6585   3[631]
  6.7504   1[640]
  6.9218   7[514]
  7.0139   5[712]
  7.2253   1[880]
  7.3383   3[871]
  7.3910  11[705]
  7.4292   5[862]
  7.7196   7[714]
  7.7528   3[521]
  7.8302   7[833]
  7.8586   1[710]
  7.9884  11[505]
  8.0445   1[550]
  8.0881   3[712]
  8.3904   5[523]
  8.4113   1[400]
  8.4176   1[961]
  8.5285   3[961]
  8.6050   5[952]
  8.6086   1[871]
  8.6157   3[402]
  8.7198   7[963]
  8.7338   3[532]
  8.7694   3[862]
  8.8023   9[954]
  8.8044  17[808]
  8.8149   9[824]
  8.8260   1[541]
  8.9519   5[853]
  8.9537   1[880]
  9.0941  13[707]
  9.1140  11[945]
  9.3407   7[844]
  9.3781   3[851]
  9.3918   7[703]
  9.7673  13[936]
  9.7816   1[851]
  9.8048   5[402]
 10.0120   9[514]
 10.1535   9[835]
 10.2419   3[701]
 10.3987   5[822]
 10.5957  11[815]
 10.6415   3[842]
 10.6862   1[701]
 10.7475   7[404]
 10.7566   9[705]
 10.8347   1[840]
 10.8940  15[927]
 10.9140   5[703]
 11.1033   7[523]
 11.4712   5[532]
 11.5677   3[541]
 11.5834   1[411]
 11.6016  11[826]
 11.6550   1[530]
 11.8105   5[833]
 12.1050   7[824]
 12.2485   3[411]
 12.3528   1[820]
 12.4718   3[822]
 12.5351   1[990]
 12.7589   3[981]
 12.8546  17[918]
 12.9313   5[972]
 13.1575   5[413]
 13.2010   7[943]
 13.2239  13[806]
 13.2373   7[813]
 13.3042   1[220]
 13.3379   9[404]
 13.5991   1[**0]
 13.8060   3[811]
 13.8082  13[817]
 13.8661   9[934]
 14.1306   1[811]
 14.1740   3[422]
 14.1771   3[*61]
 14.2706   1[981]
 14.2989   1[431]
 14.3565   5[813]
 14.3601   9[815]
 14.4466   1[*71]
 14.5127   3[*71]
 14.6891   5[*62]
 14.7498   7[*73]
 14.8663   9[*64]
 14.9036   5[932]
 14.9738   3[972]
 15.0158   9[815]
 15.0244   1[961]
 15.0567  11[*55]
 15.0931  11[925]
 15.1202   1[301]
 15.1270   7[413]
 15.3161   5[802]
 15.5299  19[909]
 15.5565  13[*46]
 15.6089   5[963]
 15.6260   3[301]
 15.6407   1[*00]
 15.7525   7[954]
 15.9060   1[950]
 15.9472   5[422]
 15.9956   3[802]
 16.0052   3[952]
 16.1354   3[431]
 16.1500  15[*37]
 16.2027   1[420]
 16.4752   7[804]
 16.5273   9[945]
 16.5438   7[923]
 16.6927   5[303]
 17.0047  13[916]
 17.0629  15[808]
 17.1298   3[*41]
 17.1361   5[943]
 17.1504  11[806]
 17.2722   1[941]
 17.3033   1[**0]
 17.5279  11[936]
 17.5424  17[*28]
 17.5907   3[*91]
 17.8853   1[310]
 17.9896   5[*82]
 18.1873   9[914]
 18.1997   1[**0]
 18.2502   7[303]
 18.2766   7[934]
 18.5368   3[932]
 18.6105   7[*73]
 18.6327   5[923]
 18.6721   1[921]
 18.6922   3[312]
 18.9770   1[*91]
 19.0568  13[927]
 19.0775   3[*82]
 19.1862   9[*44]
 19.2428   1[321]
 19.5595  15[907]
 19.6416  19[*19]
 19.6677   9[925]
 19.7824   5[312]
 19.8494   3[*82]
 19.9135   5[*73]
 19.9284   5[912]
 20.1436  11[*35]
 20.1729   1[*71]
 20.2421   1[910]
 20.3089   3[321]
 20.3733   1[321]
 20.4644   3[912]
 20.6339   1[*81]
 20.6647   7[914]
 20.6792  11[905]
 20.7490   3[*81]
 20.8608   5[*72]
 21.0319   7[*83]
 21.0770   5[*73]
 21.1061   9[*74]
 21.1317   7[*64]
 21.1453   1[200]
 21.1950  11[*65]
 21.2937  15[918]
 21.4207  11[916]
 21.4322  13[*26]
 21.5721  13[*56]
 21.6171   1[*71]
 21.6188   1[**0]
 21.6864   3[*62]
 21.7397   7[903]
 21.9219   3[202]
 22.0862   7[*64]
 22.3496  15[*47]
 22.3815   3[**1]
 22.3934   9[*24]
 22.3999  21[*0*]
 22.4234   3[901]
 22.6977   5[202]
 22.7974   1[901]
 22.8086   3[*62]
 22.8975   5[903]
 22.9277  17[*38]
 22.9909   5[*53]
 23.0296   9[905]
 23.0787   1[*51]
 23.1999   9[*55]
 23.2074  15[*17]
 23.2269   1[**1]
 23.4079   5[*92]
 23.4497   1[211]
 23.7839  13[907]
 23.8120  11[*46]
 23.8151   7[*83]
 23.9256   3[211]
 24.0302   5[*53]
 24.1538   1[220]
 24.2971  11[*15]
 24.3365   7[*44]
 24.3494   9[*54]
 24.4222   1[*90]
 24.4432   1[*40]
 24.5294   3[*42]
 24.5550   3[*92]
 24.6107  19[*29]
 24.9919  17[909]
 25.0881  11[*45]
 25.1805  13[*37]
 25.1929   7[*13]
 25.2598  17[*08]
 25.3618   3[*92]
 25.3896   1[*31]
 25.4152   9[*35]
 25.4197   5[*52]
 25.4243   5[*33]
 25.4758   3[*22]
 25.8187  13[*06]
 25.8794   1[*81]
 25.9176   7[*24]
 26.1359   3[*11]
 26.1439  13[*36]
 26.1805   7[*43]
 26.2788   5[*83]
 26.3170  11[*26]
 26.3399   1[101]
 26.3742   1[**0]
 26.4909   3[*91]
 26.5075   1[*11]
 26.5809   5[*13]
 26.5972   3[101]
 26.6713   9[*15]
 26.6871   5[**2]
 26.7964  21[*1*]
 26.8620  15[*28]
 26.9220   7[*93]
 26.9435   3[*61]
 26.9580   9[*04]
 26.9675   1[*81]
 27.1881   9[*34]
 27.2566   9[*84]
 27.2960   7[*74]
 27.4749   1[110]
 27.6217  13[*17]
 27.7080   1[*80]
 27.8500  11[*75]
 27.9174   5[802]
 28.0490   3[*71]
 28.1219   5[*32]
 28.2033   3[*72]
 28.4280   9[*65]
 28.4567   5[*62]
 28.4575  13[*66]
 28.4695   1[930]
 28.5034  11[*06]
 28.5473   1[800]
 28.5878   7[*04]
 28.7299   3[802]
 28.9023  15[*57]
 28.9383  15[*27]
 29.0183   7[*73]
 29.0204  17[*48]
 29.2130  11[*56]
 29.3655   5[*63]
 29.4075   1[**0]
 29.5310  15[*08]
 29.7935   7[*34]
 29.8044   1[*30]
 29.8237   1[**0]
 29.8245  23[*0*]
 29.8500   1[000]
 29.9520   3[**2]
 29.9586   3[*32]
 29.9983   9[*64]
 30.0163  17[*19]
 30.4256   3[*91]
 30.5369  19[*39]
 30.5681   5[*93]
 31.1038   1[*91]
 31.1502  17[*18]
 31.1999  13[*47]
 31.2422  11[*25]
 31.6064   1[*50]
 31.6736   3[*52]
 31.7343   9[*45]
 31.7413   5[*43]
 31.7504   5[*82]
 31.7607   7[*84]
 31.8532   7[*54]
 32.1175  21[*2*]
 32.2616   1[**1]
 32.6623   1[*80]
 32.6694  11[*36]
 32.7042  19[*0*]
 32.7193   3[**1]
 32.7293   3[*82]
 32.7693  15[*38]
 32.7972  11[*55]
 33.1972  13[*27]
 33.4653   7[*23]
 33.6011   5[*92]
 33.6596   9[*25]
 33.8166   1[*90]
 34.0419   3[*81]
 34.0941  19[*09]
 34.1007   7[*83]
 34.3123  23[*1*]
 34.3287   9[*75]
 34.3937  11[*85]
 34.4742   9[*25]
 34.5099  13[*46]
 34.5974  13[*16]
 34.6201  17[*29]
 34.6678   1[**0]
 34.7919   5[*23]
 34.8388   7[*33]
 34.8677   3[*21]
 34.9971  13[*27]
 35.0105  15[*67]
 35.1636   1[*21]
 35.4346  15[*37]
 35.8610   5[*73]
 35.9421   3[*31]
 36.1228  17[*58]
 36.1680  15[*18]
 36.2830   1[*71]
 36.3393  19[*49]
 36.5823  17[*28]
 36.6487   9[*14]
 36.7232   9[*44]
 36.7388  11[*16]
 36.9272  25[*0*]
 37.0590  11[*66]
 37.2919  15[*07]
 37.5506   5[**2]
 37.8224   7[*14]
 38.0120  19[*19]
 38.0206  19[*1*]
 38.1253   7[*64]
 38.1845   7[*14]
 38.2283   5[*12]
 38.3283   5[*62]
 38.3367   3[**2]
 38.3402  21[*3*]
 38.3535   1[**0]
 38.5432   9[*94]
 38.6768  13[*57]
 38.7249   3[*62]
 38.7526  11[*35]
 38.7669   1[*60]
 38.8766   3[*12]
 38.8769  17[*09]
 38.9886   1[*10]
 39.1724  11[*85]
 39.5855  21[*0*]
 39.6218   1[**1]
 39.7042  13[*07]
 39.7138   3[**1]
 39.7403   9[*55]
 39.8258   5[*53]
 39.9380  13[*26]
 39.9405   7[**3]
 40.1333  15[*48]
 40.1497  13[*07]
 40.2554   5[*53]
 40.2557  11[*05]
 40.3273   1[*40]
 40.3871   3[*42]
 40.4325   7[*44]
 40.4429  11[*46]
 40.4767   5[**3]
 40.6379   3[**2]
 40.7140   9[*35]
 40.9655  13[*37]
 41.1148   7[*94]
 41.2910  15[*17]
 41.2987   1[**1]
 41.3118  15[*47]
 41.3209  21[*0*]
 41.4381   7[*33]
 41.5074   9[**4]
 41.6112   9[*05]
 41.6330   5[*92]
 41.7587  15[*28]
 41.8329  17[*39]
 42.0602   9[*85]
 42.0605   7[*03]
 42.1603   5[*33]
 42.1714  17[*38]
 42.3185   3[*31]
 42.4198  11[*26]
 42.5761   1[*31]
 42.6715   9[*24]
 42.8031   3[*92]
 42.8180   7[*83]
 42.8294  17[*08]
 42.8588   1[*90]
 42.9747  11[*76]
 43.0127   5[*03]
 43.1301  17[*19]
 43.2980   9[*74]
 43.3789   3[*01]
 43.6399   1[*01]
 43.7145  19[*2*]
 43.7661  11[*95]
 44.0201   7[*24]
 44.1983  13[*17]
 44.3908   5[*22]
 44.3953  11[*15]
 44.4167   5[*83]
 44.4703  13[*67]
 44.7568   3[*81]
 44.8224   1[**0]
 44.9989   3[*22]
 45.1134  11[*45]
 45.1193  19[*0*]
 45.2013   1[*81]
 45.2366   7[*74]
 45.3083   1[*20]
 45.3329   3[**1]
 45.3527   1[**1]
 45.6474  13[*36]
 45.6533   5[**2]
 45.7099   3[**2]
 45.7630   5[*72]
 45.8301  15[*58]
 45.9866   9[*15]
 46.1029  21[*1*]
 46.1625  13[*06]
 46.2918  15[*08]
 46.3581   3[*72]
 46.4476   9[*65]
 46.4729   5[**3]
 46.5180   7[*13]
 46.6074   1[*70]
 46.6580   7[**4]
 46.7227   5[*63]
 46.8196   7[*54]
 46.9327   3[*52]
 46.9543   1[*30]
 47.1174  11[*56]
 47.3719   5[*13]
 47.4522   9[*95]
 47.6032  13[*47]
 47.6730   7[*93]
 47.7586   3[*11]
 47.8084   9[*45]
 47.9162  17[*49]
 47.9752   1[*11]
 48.0227  15[*38]
 48.1117   7[*43]
 48.1201  11[*06]
 48.2205  11[*36]
 48.4150   1[**0]
 48.5442   9[*84]
 48.6271   9[*34]
 48.6678   9[*04]
 48.7887  23[*0*]
 49.0948   3[**2]
 49.1565   1[**1]
 49.1671   5[*43]
 49.4485  19[*3*]
 49.6395   3[*41]
 49.6932   7[*04]
 49.9464   7[*34]
 49.9635   1[*41]
 50.1581   5[*02]
 50.3434   5[*93]
 50.5474   5[*32]
 50.6400   3[*02]
 50.7868   3[*91]
 50.8206   1[*00]
 51.1046   7[*84]
 51.1069   3[*32]
 51.3514   1[*30]
 51.4242   5[*82]
 51.6481   1[*91]
 52.2704   1[**1]
 52.3016   3[**1]
 52.5054   3[*82]
 52.7417   1[*80]
 53.6480   1[**0]
