   .0000   3[611]
   .0641   5[613]
   .1304  13[716]
   .4697   1[611]
   .4865   9[604]
   .8222  11[606]
  1.1513   1[620]
  1.1559   3[622]
  1.2234   1[770]
  1.3131   3[761]
  1.3890   5[752]
  1.3965  11[725]
  1.4312   7[613]
  1.5315   9[615]
  1.6756   1[660]
  1.7000  15[707]
  1.7128   1[761]
  1.7821   7[734]
  1.8297   3[752]
  1.9455   5[743]
  2.0314   9[734]
  2.2036   1[501]
  2.2401   7[743]
  2.2453   1[860]
  2.2572   5[752]
  2.3048   3[851]
  2.3089   3[741]
  2.3216   5[842]
  2.3923   7[853]
  2.5530   7[734]
  2.5579   9[844]
  2.5688   1[750]
  2.7183   5[602]
  2.7919   9[725]
  2.9116  11[835]
  2.9257   5[622]
  2.9781   3[501]
  2.9999   5[503]
  3.1430   7[624]
  3.1570   7[604]
  3.2967   1[770]
  3.4686  13[606]
  3.4740   3[431]
  3.4979   1[651]
  3.5811   1[600]
  3.6173   3[741]
  3.6850   5[633]
  3.6991   3[642]
  3.7168  13[826]
  3.7675   3[602]
  3.8148   1[631]
  3.8381   1[761]
  4.0423   9[714]
  4.5858   3[721]
  4.7275   5[723]
  4.8198  11[716]
  4.9034   7[503]
  5.1228   1[721]
  5.3002  15[817]
  5.3810   9[505]
  5.7837  11[615]
  6.0141   1[510]
  6.1322   3[512]
  6.1961   5[712]
  6.6694  11[705]
  6.8215   7[714]
  6.8487   1[880]
  6.9386   3[871]
  6.9574   9[624]
  6.9729   5[862]
  7.0604   1[710]
  7.2530   7[833]
  7.2758   3[712]
  7.4241   7[633]
  7.5302   5[512]
  7.5348   5[642]
  7.5820   3[631]
  7.6058   1[521]
  7.6514   1[640]
  8.0250   1[961]
  8.0331  17[808]
  8.0859   9[824]
  8.1065   3[961]
  8.1670   5[952]
  8.1995  13[707]
  8.2078   7[514]
  8.2284   7[963]
  8.2697   9[954]
  8.2765   1[871]
  8.4094   3[862]
  8.5036  11[945]
  8.5164   5[853]
  8.6503   1[880]
  8.7332   7[703]
  8.7757   7[844]
  8.7841   3[521]
  8.9067   3[*51]
  8.9499   1[550]
  9.1163  13[936]
  9.1355  11[505]
  9.4303   1[851]
  9.4430   9[835]
  9.4440   5[523]
  9.5661   1[400]
  9.5705   3[701]
  9.6654   3[532]
  9.6865  11[815]
  9.7234   1[541]
  9.7534   5[*42]
  9.7754   3[402]
  9.9856  15[927]
 10.0097   1[701]
 10.0353   9[705]
 10.1306   3[842]
 10.2296   5[703]
 10.2678   1[840]
 10.7344  11[826]
 10.9411   5[402]
 11.1457   5[833]
 11.2189   9[514]
 11.3016   7[824]
 11.6783   1[820]
 11.7509   3[822]
 11.8270  17[918]
 11.8999   7[404]
 12.1528   7[523]
 12.2510  13[817]
 12.2572   1[990]
 12.4368   5[532]
 12.4650   3[981]
 12.4734   7[824]
 12.4866   3[541]
 12.5126   5[972]
 12.5570   1[530]
 12.6742   7[963]
 12.7304   1[411]
 12.9724  13[806]
 13.0813   3[811]
 13.2196   9[934]
 13.2891   1[**0]
 13.3998   3[411]
 13.4085   1[811]
 13.5174   9[815]
 13.6017   5[813]
 13.8075   3[*61]
 14.0562   1[*71]
 14.1148   3[*71]
 14.1403   1[981]
 14.2069   1[220]
 14.2491   5[*62]
 14.2848  11[925]
 14.2937   9[804]
 14.3024   7[*73]
 14.3215   5[413]
 14.3751   5[932]
 14.4314   9[*64]
 14.4337   9[404]
 14.4832  11[*55]
 14.6414   1[970]
 14.6996   5[802]
 14.7246   3[972]
 14.7299  19[909]
 14.8980  13[*46]
 15.0314   1[800]
 15.1262   3[422]
 15.1363   5[963]
 15.1742   7[954]
 15.1917   1[431]
 15.2604  15[*37]
 15.3518   1[961]
 15.3860   3[802]
 15.4279   3[952]
 15.7668   7[954]
 15.8556   7[804]
 15.8792   9[945]
 16.0572  13[916]
 16.2135   1[301]
 16.2483   7[413]
 16.3142  15[808]
 16.3433   3[952]
 16.4639  11[806]
 16.4733   5[943]
 16.5531   1[941]
 16.6134  17[*28]
 16.7086   3[301]
 16.7500  11[936]
 16.9250   5[422]
 17.0584   3[431]
 17.1033   1[420]
 17.1143   1[**0]
 17.3492   9[914]
 17.4079   3[*91]
 17.5672   7[934]
 17.7752   5[303]
 17.8034   3[932]
 17.8291   5[923]
 17.8379   5[*82]
 17.8791   1[921]
 18.0584   1[*91]
 18.1222  13[927]
 18.1640   7[*73]
 18.5413  19[*19]
 18.6775   9[*44]
 18.6939   1[*91]
 18.6984  15[907]
 18.7085   3[*82]
 18.7764   9[925]
 18.9139   1[310]
 18.9927   5[912]
 19.2966   7[303]
 19.3101   1[910]
 19.4340  11[*35]
 19.5559   3[912]
 19.6702  11[905]
 19.7040   5[*73]
 19.7379   7[914]
 19.7382   3[*82]
 19.7436   3[312]
 20.0460   1[*71]
 20.1288   1[321]
 20.2186  15[918]
 20.2721   1[*70]
 20.3571   3[*81]
 20.4305  11[916]
 20.4497   5[*72]
 20.5833   7[*83]
 20.5987   7[*33]
 20.6077  13[*26]
 20.6092   5[*73]
 20.6254   9[*74]
 20.7759   7[903]
 20.7901  11[*65]
 20.8230   5[312]
 20.9386  13[*56]
 21.1608   1[*71]
 21.1974   3[*31]
 21.2306   3[321]
 21.2699   1[321]
 21.3778   3[901]
 21.5505  15[*47]
 21.5589  21[*0*]
 21.5731   1[**0]
 21.7223   7[*64]
 21.7487   1[901]
 21.7656   9[*24]
 21.8897   5[903]
 22.0214  17[*38]
 22.0932   9[905]
 22.1658   1[200]
 22.2724  15[*17]
 22.4233   3[*62]
 22.4647   5[*22]
 22.5667   9[*55]
 22.6490   1[*60]
 22.7496   3[**1]
 22.9030  13[907]
 22.9372   3[202]
 23.0341   5[*92]
 23.0436  11[*46]
 23.3590   7[*83]
 23.3990   5[*53]
 23.4232   1[**1]
 23.5291  11[*15]
 23.6086  19[*29]
 23.6420   7[*44]
 23.6943   5[202]
 23.7922   9[*54]
 23.7985   1[*51]
 23.8798   3[*42]
 24.1633  17[909]
 24.3367  13[*37]
 24.3960   1[211]
 24.4242  11[*45]
 24.4305   3[*81]
 24.4430   7[*13]
 24.4640   1[**1]
 24.5567  17[*08]
 24.7102   9[*35]
 24.7422   1[*31]
 24.7754   5[*33]
 24.8034   3[*22]
 24.8909   3[211]
 24.9077   5[*52]
 25.0375   1[220]
 25.1019   3[*92]
 25.1289  13[*06]
 25.2086   7[*24]
 25.3081  13[*36]
 25.3314   3[*11]
 25.4385   1[*90]
 25.5047   7[*43]
 25.5569  11[*26]
 25.6185  21[*1*]
 25.6757   1[*11]
 25.7631   5[*13]
 25.7849   5[*83]
 25.8772  15[*28]
 25.9084   9[*15]
 26.1653   9[*04]
 26.2104   1[**0]
 26.2358   3[*61]
 26.3153   3[*91]
 26.3396   9[*34]
 26.3730   1[*81]
 26.5041  15[*27]
 26.5065   5[**2]
 26.6750   7[*74]
 26.7024   7[*93]
 26.7370  13[*17]
 26.9833   9[*84]
 27.1322   5[802]
 27.2251   5[*32]
 27.2953   1[101]
 27.3176  11[*75]
 27.3766  11[*25]
 27.4420   1[*71]
 27.4769   3[*72]
 27.5465   3[101]
 27.6291   1[930]
 27.6969   3[*71]
 27.7325   9[*65]
 27.7500   1[800]
 27.7503  11[*06]
 27.8072   7[*04]
 27.8378  13[*66]
 27.9237  17[*19]
 27.9340   3[802]
 28.0353   5[*62]
 28.1794  15[*57]
 28.3520   7[*23]
 28.3741   1[110]
 28.6886   5[*63]
 28.7939   7[*93]
 28.8132  11[*56]
 28.8304  15[*08]
 29.0205  23[*0*]
 29.0261   3[921]
 29.0737   1[*70]
 29.1223  17[*48]
 29.2175   1[**0]
 29.5540   1[**0]
 29.5561   7[*34]
 29.5660  19[*39]
 29.6889   3[**2]
 29.8975  13[*47]
 29.9508   3[*21]
 30.1229  17[*18]
 30.1355   9[*25]
 30.2193   1[*21]
 30.2663   5[*23]
 30.3206   3[*91]
 30.3781   5[*93]
 30.7546   1[000]
 30.9592   1[*91]
 31.0333   9[*84]
 31.0784  21[*2*]
 31.0799   1[*50]
 31.1508   3[*52]
 31.2438   5[*43]
 31.3954   7[*54]
 31.5099   9[*45]
 31.6253  11[*36]
 31.8347  15[*38]
 31.8528  13[*27]
 31.8887  19[*0*]
 32.1771  11[*55]
 32.4375   7[*84]
 32.7881   5[*42]
 32.8474   1[**0]
 33.1421   3[*81]
 33.1428  23[*1*]
 33.2650   5[*92]
 33.2658  13[*16]
 33.2908  19[*09]
 33.4197   7[*83]
 33.5612   3[*82]
 33.5768   1[*80]
 33.5874   9[*94]
 33.6311  17[*29]
 33.6447   1[**0]
 33.7658  11[*85]
 33.7760  13[*46]
 34.0660  15[*67]
 34.1106  13[*76]
 34.2935   9[*75]
 34.6180  15[*37]
 34.7430   7[*73]
 35.0857  15[*18]
 35.2965  17[*58]
 35.3188  19[*49]
 35.4004   9[*14]
 35.4777  11[*16]
 35.6854  17[*28]
 35.8259  15[*07]
 36.0830   5[*73]
 36.1027  25[*0*]
 36.1320   3[*71]
 36.3733  11[*66]
 36.5168   7[*14]
 36.5258   1[*71]
 36.5351   5[*12]
 36.5413   3[*61]
 36.6166   9[*44]
 36.8517   1[*50]
 36.8840  19[*1*]
 37.0461  19[*19]
 37.3610   5[*12]
 37.3910  21[*3*]
 37.5039   7[**3]
 37.6486   3[*12]
 37.8251   9[*94]
 37.8382   1[*10]
 37.9006  13[*57]
 37.9793  11[*35]
 38.0218  17[*09]
 38.0767   7[*64]
 38.1506  11[*85]
 38.2406   5[*62]
 38.4074  13[*07]
 38.6357   3[*62]
 38.6591  11[*05]
 38.6713   1[*60]
 38.7509  21[*0*]
 39.0134  13[*56]
 39.0654  13[*26]
 39.2418  15[*48]
 39.2887   9[*55]
 39.3072   5[*53]
 39.3575   1[*40]
 39.4206   3[*42]
 39.4561   7[*44]
 39.6448  15[*47]
 39.6709   3[**2]
 39.6895  11[*46]
 39.6908   1[**1]
 40.0421   9[*05]
 40.0689   5[**3]
 40.1388  13[*37]
 40.3081   9[*35]
 40.3128   3[*41]
 40.3266  15[*17]
 40.3642   7[*03]
 40.4100   7[*33]
 40.4412  21[*0*]
 40.6036   1[**0]
 40.6719   3[**1]
 40.6857   7[*94]
 40.8116   5[**3]
 40.8385  15[*28]
 40.8426  17[*39]
 40.8741   5[**2]
 40.9545   1[**0]
 41.2559   7[**3]
 41.3272  17[*38]
 41.3500   9[*85]
 41.3680   5[*03]
 41.4863  11[*26]
 41.5244   7[*83]
 41.5314   5[*33]
 41.6094   3[*01]
 41.7458   9[*24]
 41.7458   3[*31]
 41.8621  17[*08]
 41.8782   1[*01]
 42.0947   1[*31]
 42.1138  17[*19]
 42.2463  11[*76]
 42.3696   9[*74]
 42.4695   9[**4]
 42.6207  19[*2*]
 42.9329   3[*92]
 42.9642   1[**1]
 43.0259  11[*45]
 43.1370  13[*17]
 43.1761   7[*24]
 43.2519  11[*95]
 43.3251  13[*67]
 43.4432  11[*15]
 43.6420   5[*83]
 43.7111   5[*22]
 43.8353   3[*81]
 44.1942  19[*0*]
 44.2311   3[*22]
 44.4304   1[*20]
 44.4509   1[*81]
 44.6252   7[*74]
 44.6327  13[*36]
 44.8544  15[*58]
 44.8947  21[*1*]
 44.9355   9[*15]
 44.9393   5[*72]
 45.0169   1[**0]
 45.1549  15[*27]
 45.1568  13[*06]
 45.2808   3[**2]
 45.3088  15[*08]
 45.4452   9[*65]
 45.5280   7[*13]
 45.6730   5[**3]
 45.6841   7[*63]
 45.7434   3[*72]
 45.7753   1[*70]
 45.8448   1[**1]
 46.0186   5[*63]
 46.1169   3[*91]
 46.1815   7[*54]
 46.2511   9[*45]
 46.2723   3[*52]
 46.3124   5[*13]
 46.3418  11[*56]
 46.3591   1[*30]
 46.4956   7[**4]
 46.6453  13[*47]
 46.7322   3[*11]
 46.9486   1[*11]
 47.0093   5[*63]
 47.0163  17[*49]
 47.0842   9[*95]
 47.0975  11[*06]
 47.2218  15[*38]
 47.2828  11[*36]
 47.3362   3[*61]
 47.5838   9[*04]
 47.6064   5[**2]
 47.6606   9[*34]
 47.7309   1[*61]
 47.9081  23[*0*]
 48.0291   7[*93]
 48.1131  13[*27]
 48.1795   1[**0]
 48.3033  11[*25]
 48.4452  19[*3*]
 48.6485   7[*04]
 49.0357   7[*34]
 49.1056   5[*02]
 49.4104   3[**2]
 49.5875   3[*02]
 49.6325   5[*32]
 49.7579   1[*00]
 49.8732   5[*93]
 49.9439   9[*25]
 50.1833   1[**0]
 50.2230   3[*32]
 50.4715   1[*30]
 50.5469   7[*23]
 50.7077   3[*91]
 51.2296   1[*91]
 51.3577   5[*23]
 51.7754   3[*21]
 52.0198   1[*21]
 53.3356   1[**0]
