1,   .0000,
2,   .0000,  13[716]   3[512]
,,
1,   .0369,
2,   .0369,  13[716]  11[615]
,,
1,   .1222,
2,   .1222,  13[716]   1[510]
,,
1,   .2345,
2,   .2345,  13[716]   9[505]
,,
1,   .3754,
2,   .3754,   3[611]   3[512]
,,
1,   .4123,
2,   .4123,   3[611]  11[615]
,,
1,   .4976,
2,   .4976,   3[611]   1[510]
,,
1,   .5246,
2,   .5246,   5[613]   3[512]
,,
1,   .5615,
2,   .5615,   5[613]  11[615]
,,
1,   .6099,
2,   .6099,   3[611]   9[505]
,,
1,   .6467,
2,   .6467,   5[613]   1[510]
,,
1,   .7590,
2,   .7590,   5[613]   9[505]
,,
1,   .8359,
2,   .8359,  13[716]   1[651]
,,
1,   .9069,
2,   .9069,   9[604]   3[512]
,,
1,   .9439,
2,   .9439,   9[604]  11[615]
,,
1,   .9861,
2,   .9861,   1[611]   3[512]
,,
1,  1.0230,
2,  1.0230,   1[611]  11[615]
,,
1,  1.0291,
2,  1.0291,   9[604]   1[510]
,,
1,  1.0362,
2,  1.0362,  13[716]   5[512]
,,
1,  1.0638,
2,  1.0638,  13[716]   3[642]
,,
1,  1.1083,
2,  1.1083,   1[611]   1[510]
,,
1,  1.1117,
2,  1.1117,   7[613]   3[512]
,,
1,  1.1397,
2,  1.1397,  13[716]   7[503]
,,
1,  1.1414,
2,  1.1414,   9[604]   9[505]
,,
1,  1.1428,
2,  1.1428,   3[622]   3[512]
,,
1,  1.1449,
2,  1.1449,   9[615]   3[512]
,,
1,  1.1475,
2,  1.1475,   1[620]   3[512]
,,
1,  1.1486,
2,  1.1486,   7[613]  11[615]
,,
1,  1.1574,
2,  1.1574,  13[716]   5[633]
,,
1,  1.1797,
2,  1.1797,   3[622]  11[615]
,,
1,  1.1818,
2,  1.1818,   9[615]  11[615]
,,
1,  1.1844,
2,  1.1844,   1[620]  11[615]
,,
1,  1.2021,
2,  1.2021,   1[770]   3[512]
,,
1,  1.2113,
2,  1.2113,   3[611]   1[651]
,,
1,  1.2206,
2,  1.2206,   1[611]   9[505]
,,
1,  1.2339,
2,  1.2339,   7[613]   1[510]
,,
1,  1.2391,
2,  1.2391,   1[770]  11[615]
,,
1,  1.2406,
2,  1.2406,  13[716]   1[521]
,,
1,  1.2650,
2,  1.2650,   3[622]   1[510]
,,
1,  1.2670,
2,  1.2670,   9[615]   1[510]
,,
1,  1.2696,
2,  1.2696,   1[620]   1[510]
,,
1,  1.2738,
2,  1.2738,  11[725]   3[512]
,,
1,  1.3107,
2,  1.3107,  11[725]  11[615]
,,
1,  1.3243,
2,  1.3243,   1[770]   1[510]
,,
1,  1.3425,
2,  1.3425,  11[606]   3[512]
,,
1,  1.3462,
2,  1.3462,   7[613]   9[505]
,,
1,  1.3605,
2,  1.3605,   5[613]   1[651]
,,
1,  1.3696,
2,  1.3696,   3[761]   3[512]
,,
1,  1.3773,
2,  1.3773,   3[622]   9[505]
,,
1,  1.3793,
2,  1.3793,   9[615]   9[505]
,,
1,  1.3794,
2,  1.3794,  11[606]  11[615]
,,
1,  1.3819,
2,  1.3819,   1[620]   9[505]
,,
1,  1.3959,
2,  1.3959,  11[725]   1[510]
,,
1,  1.4033,
2,  1.4033,  13[716]   9[624]
,,
1,  1.4065,
2,  1.4065,   3[761]  11[615]
,,
1,  1.4116,
2,  1.4116,   3[611]   5[512]
,,
1,  1.4366,
2,  1.4366,   1[770]   9[505]
,,
1,  1.4392,
2,  1.4392,   3[611]   3[642]
,,
1,  1.4646,
2,  1.4646,  11[606]   1[510]
,,
1,  1.4918,
2,  1.4918,   3[761]   1[510]
,,
1,  1.5082,
2,  1.5082,  11[725]   9[505]
,,
1,  1.5151,
2,  1.5151,   3[611]   7[503]
,,
1,  1.5250,
2,  1.5250,   5[752]   3[512]
,,
1,  1.5328,
2,  1.5328,   3[611]   5[633]
,,
1,  1.5608,
2,  1.5608,   5[613]   5[512]
,,
1,  1.5619,
2,  1.5619,   5[752]  11[615]
,,
1,  1.5769,
2,  1.5769,  11[606]   9[505]
,,
1,  1.5883,
2,  1.5883,   5[613]   3[642]
,,
1,  1.6041,
2,  1.6041,   3[761]   9[505]
,,
1,  1.6160,
2,  1.6160,   3[611]   1[521]
,,
1,  1.6472,
2,  1.6472,   5[752]   1[510]
,,
1,  1.6555,
2,  1.6555,   1[761]   3[512]
,,
1,  1.6643,
2,  1.6643,   5[613]   7[503]
,,
1,  1.6819,
2,  1.6819,   5[613]   5[633]
,,
1,  1.6925,
2,  1.6925,   1[761]  11[615]
,,
1,  1.7428,
2,  1.7428,   9[604]   1[651]
,,
1,  1.7595,
2,  1.7595,   5[752]   9[505]
,,
1,  1.7652,
2,  1.7652,   5[613]   1[521]
,,
1,  1.7777,
2,  1.7777,   1[761]   1[510]
,,
1,  1.7788,
2,  1.7788,   3[611]   9[624]
,,
1,  1.7944,
2,  1.7944,  13[716]   7[624]
,,
1,  1.8220,
2,  1.8220,   1[611]   1[651]
,,
1,  1.8389,
2,  1.8389,  13[716]   1[651]
,,
1,  1.8571,
2,  1.8571,   3[752]   3[512]
,,
1,  1.8900,
2,  1.8900,   1[761]   9[505]
,,
1,  1.8940,
2,  1.8940,   3[752]  11[615]
,,
1,  1.9239,
2,  1.9239,  13[716]   3[651]
,,
1,  1.9279,
2,  1.9279,   5[613]   9[624]
,,
1,  1.9431,
2,  1.9431,   9[604]   5[512]
,,
1,  1.9476,
2,  1.9476,   7[613]   1[651]
,,
1,  1.9576,
2,  1.9576,   1[660]   3[512]
,,
1,  1.9619,
2,  1.9619,  13[716]   7[633]
,,
1,  1.9691,
2,  1.9691,  13[716]  13[606]
,,
1,  1.9707,
2,  1.9707,   9[604]   3[642]
,,
1,  1.9787,
2,  1.9787,   3[622]   1[651]
,,
1,  1.9792,
2,  1.9792,   3[752]   1[510]
,,
1,  1.9807,
2,  1.9807,   9[615]   1[651]
,,
1,  1.9833,
2,  1.9833,   1[620]   1[651]
,,
1,  1.9946,
2,  1.9946,   1[660]  11[615]
,,
1,  2.0223,
2,  2.0223,   1[611]   5[512]
,,
