   .0000   9[734]   1[521]
   .1769   7[624]   1[521]
   .3180   5[622]   1[521]
   .3185   9[734]   7[514]
   .3626   9[734]   7[633]
   .4611   9[734]   9[624]
   .4954   7[624]   7[514]
   .5395   7[624]   7[633]
   .6365   5[622]   7[514]
   .6379   7[624]   9[624]
   .6513   1[620]   1[521]
   .6806   5[622]   7[633]
   .7118   9[734]   3[521]
   .7688   3[622]   1[521]
   .7791   5[622]   9[624]
   .7942   1[631]   1[521]
   .7977   1[501]   1[521]
   .8333   7[743]   1[521]
   .8887   7[624]   3[521]
   .9698   1[620]   7[514]
   .9818  11[725]   1[521]
   .9849   7[613]   1[521]
   .9872   9[734]   1[400]
  1.0139   1[620]   7[633]
  1.0299   5[622]   3[521]
  1.0595   9[734]   5[512]
  1.0873   3[622]   7[514]
  1.1124   1[620]   9[624]
  1.1127   1[631]   7[514]
  1.1162   1[501]   7[514]
  1.1314   3[622]   7[633]
  1.1429   9[734]   5[642]
  1.1518   7[743]   7[514]
  1.1568   1[631]   7[633]
  1.1603   1[501]   7[633]
  1.1620   5[503]   1[521]
  1.1641   7[624]   1[400]
  1.1959   7[743]   7[633]
  1.2292   9[734]   3[402]
  1.2298   3[622]   9[624]
  1.2364   7[624]   5[512]
  1.2552   1[631]   9[624]
  1.2588   1[501]   9[624]
  1.2943   7[743]   9[624]
  1.3003  11[725]   7[514]
  1.3033   7[613]   7[514]
  1.3053   5[622]   1[400]
  1.3198   7[624]   5[642]
  1.3238   3[501]   1[521]
  1.3445  11[725]   7[633]
  1.3475   7[613]   7[633]
  1.3631   1[620]   3[521]
  1.3776   5[622]   5[512]
  1.4061   7[624]   3[402]
  1.4429  11[725]   9[624]
  1.4459   7[613]   9[624]
  1.4609   5[622]   5[642]
  1.4805   5[503]   7[514]
  1.4806   3[622]   3[521]
  1.5058   9[615]   1[521]
  1.5060   1[631]   3[521]
  1.5096   1[501]   3[521]
  1.5189   9[734]   1[651]
  1.5247   5[503]   7[633]
  1.5451   7[743]   3[521]
  1.5473   5[622]   3[402]
  1.6231   5[503]   9[624]
  1.6385   1[620]   1[400]
  1.6413   1[770]   1[521]
  1.6423   3[501]   7[514]
  1.6864   3[501]   7[633]
  1.6937  11[725]   3[521]
  1.6958   7[624]   1[651]
  1.6967   7[613]   3[521]
  1.6989   9[734]   9[505]
  1.7079   5[503]   1[521]
  1.7108   1[620]   5[512]
  1.7560   3[622]   1[400]
  1.7814   1[631]   1[400]
  1.7849   3[501]   9[624]
  1.7850   1[501]   1[400]
  1.7857   9[734]   5[523]
  1.7942   1[620]   5[642]
  1.7983   9[734]   3[642]
  1.8205   7[743]   1[400]
  1.8243   9[615]   7[514]
  1.8283   3[622]   5[512]
  1.8369   5[622]   1[651]
  1.8537   1[631]   5[512]
  1.8573   1[501]   5[512]
  1.8657   1[750]   1[521]
  1.8684   9[615]   7[633]
  1.8739   5[503]   3[521]
  1.8758   7[624]   9[505]
  1.8805   1[620]   3[402]
  1.8837   3[741]   1[521]
  1.8890   9[734]  11[505]
  1.8928   7[743]   5[512]
  1.8940   9[734]   1[640]
  1.9117   3[622]   5[642]
