   .0000   1[620]   7[514]
   .0335   1[620]   9[624]
   .0599   3[622]   7[514]
   .0934   3[622]   9[624]
   .1386   1[620]   1[521]
   .1815  11[725]   7[514]
   .1986   3[622]   1[521]
   .2150  11[725]   9[624]
   .3201  11[725]   1[521]
   .3658   7[613]   7[514]
   .3993   7[613]   9[624]
   .4802   9[734]   7[514]
   .5045   7[613]   1[521]
   .5137   9[734]   9[624]
   .6189   9[734]   1[521]
   .6254   1[620]   5[512]
   .6853   3[622]   5[512]
   .6912   1[620]   7[633]
   .7511   3[622]   7[633]
   .7915   9[615]   7[514]
   .8068  11[725]   5[512]
   .8250   9[615]   9[624]
   .8726  11[725]   7[633]
   .8821   7[624]   7[514]
   .9156   7[624]   9[624]
   .9302   9[615]   1[521]
   .9414   5[622]   7[514]
   .9749   5[622]   9[624]
   .9912   7[613]   5[512]
  1.0207   7[624]   1[521]
  1.0570   7[613]   7[633]
  1.0800   5[622]   1[521]
  1.0822   1[620]   1[400]
  1.0867   1[501]   7[514]
  1.1056   9[734]   5[512]
  1.1202   1[501]   9[624]
  1.1403   1[620]   3[521]
  1.1421   3[622]   1[400]
  1.1714   9[734]   7[633]
  1.2002   3[622]   3[521]
  1.2253   1[501]   1[521]
  1.2637  11[725]   1[400]
  1.2676   1[631]   7[514]
  1.3011   1[631]   9[624]
  1.3035   1[770]   7[514]
  1.3217  11[725]   3[521]
  1.3265   1[620]   3[402]
  1.3275   7[743]   7[514]
  1.3370   1[770]   9[624]
  1.3516   1[620]   5[642]
  1.3610   7[743]   9[624]
  1.3864   3[622]   3[402]
  1.4062   1[631]   1[521]
  1.4115   3[622]   5[642]
  1.4169   9[615]   5[512]
  1.4400   1[620]   1[651]
  1.4421   1[770]   1[521]
  1.4481   7[613]   1[400]
  1.4661   7[743]   1[521]
  1.4764   5[503]   7[514]
  1.4827   9[615]   7[633]
  1.4980   1[620]   9[505]
  1.4988   3[761]   7[514]
  1.4999   3[622]   1[651]
  1.5061   7[613]   3[521]
  1.5074   7[624]   5[512]
  1.5079  11[725]   3[402]
  1.5099   5[503]   9[624]
  1.5186   9[604]   7[514]
  1.5323   3[761]   9[624]
  1.5330  11[725]   5[642]
  1.5521   9[604]   9[624]
  1.5579   3[622]   9[505]
  1.5625   9[734]   1[400]
  1.5667   5[622]   5[512]
  1.5732   7[624]   7[633]
  1.5795   1[620]   3[642]
  1.6060   3[501]   7[514]
  1.6150   5[503]   1[521]
  1.6205   9[734]   3[521]
  1.6214  11[725]   1[651]
  1.6325   5[622]   7[633]
  1.6374   3[761]   1[521]
  1.6394   3[622]   3[642]
  1.6395   3[501]   9[624]
  1.6572   9[604]   1[521]
  1.6794  11[725]   9[505]
  1.6923   7[613]   3[402]
  1.7121   1[501]   5[512]
  1.7174   7[613]   5[642]
  1.7446   3[501]   1[521]
  1.7465   1[761]   7[514]
  1.7610  11[725]   3[642]
  1.7779   1[501]   7[633]
  1.7800   1[761]   9[624]
  1.8058   7[613]   1[651]
  1.8067   9[734]   3[402]
  1.8318   9[734]   5[642]
  1.8638   7[613]   9[505]
  1.8738   9[615]   1[400]
