   .0000   1[620]   9[624]
   .0023   3[622]   9[624]
   .0207  11[725]   9[624]
   .0903   1[620]   7[514]
   .0926   3[622]   7[514]
   .1110  11[725]   7[514]
   .2044   7[613]   9[624]
   .2748   1[620]   5[512]
   .2772   3[622]   5[512]
   .2947   7[613]   7[514]
   .2955  11[725]   5[512]
   .3521   1[620]   1[521]
   .3544   3[622]   1[521]
   .3728  11[725]   1[521]
   .4752   9[615]   9[624]
   .4792   7[613]   5[512]
   .5565   7[613]   1[521]
   .5654   9[615]   7[514]
   .7447   9[734]   9[624]
   .7500   9[615]   5[512]
   .8273   9[615]   1[521]
   .8350   9[734]   7[514]
   .9315   1[620]   7[633]
   .9339   3[622]   7[633]
   .9522  11[725]   7[633]
  1.0196   9[734]   5[512]
  1.0680   1[501]   9[624]
  1.0968   9[734]   1[521]
  1.1359   7[613]   7[633]
  1.1583   1[501]   7[514]
  1.1823   1[620]   1[400]
  1.1846   3[622]   1[400]
  1.2030  11[725]   1[400]
  1.2581   5[622]   9[624]
  1.2946   7[624]   9[624]
  1.3261   1[631]   9[624]
  1.3429   1[501]   5[512]
  1.3484   5[622]   7[514]
  1.3849   7[624]   7[514]
  1.3867   7[613]   1[400]
  1.4067   9[615]   7[633]
  1.4164   1[631]   7[514]
  1.4201   1[620]   3[402]
  1.4201   1[501]   1[521]
  1.4224   3[622]   3[402]
  1.4334   7[743]   9[624]
  1.4408  11[725]   3[402]
  1.4495   1[620]   9[505]
  1.4518   3[622]   9[505]
  1.4540   1[770]   9[624]
  1.4691   1[620]   5[642]
  1.4702  11[725]   9[505]
  1.4714   3[622]   5[642]
  1.4739   5[503]   9[624]
  1.4827   1[620]   3[521]
  1.4850   3[622]   3[521]
  1.4898  11[725]   5[642]
  1.5034  11[725]   3[521]
  1.5199   1[620]   1[651]
  1.5223   3[622]   1[651]
  1.5237   7[743]   7[514]
  1.5330   5[622]   5[512]
  1.5406  11[725]   1[651]
  1.5442   1[770]   7[514]
  1.5563   9[604]   9[624]
  1.5642   5[503]   7[514]
  1.5695   7[624]   5[512]
  1.5739   3[501]   9[624]
  1.5800   1[620]  11[615]
  1.5823   3[622]  11[615]
  1.6007   3[761]   9[624]
  1.6007  11[725]  11[615]
  1.6009   1[631]   5[512]
  1.6102   5[622]   1[521]
  1.6107   1[620]   3[642]
  1.6130   3[622]   3[642]
  1.6245   7[613]   3[402]
  1.6314  11[725]   3[642]
  1.6466   9[604]   7[514]
  1.6467   7[624]   1[521]
  1.6538   7[613]   9[505]
  1.6575   9[615]   1[400]
  1.6642   3[501]   7[514]
  1.6678  13[716]   9[624]
  1.6735   7[613]   5[642]
  1.6763   9[734]   7[633]
  1.6782   1[631]   1[521]
  1.6871   7[613]   3[521]
  1.6910   3[761]   7[514]
  1.7082   7[743]   5[512]
  1.7243   7[613]   1[651]
  1.7288   1[770]   5[512]
  1.7487   5[503]   5[512]
  1.7581  13[716]   7[514]
  1.7844   7[613]  11[615]
  1.7855   7[743]   1[521]
  1.8061   1[770]   1[521]
  1.8151   7[613]   3[642]
  1.8260   5[503]   1[521]
  1.8312   9[604]   5[512]
