   .0000  11[725]   5[512]
   .0256   3[622]   5[512]
   .0450   7[613]   5[512]
   .0460   1[620]   5[512]
   .1967   9[615]   5[512]
   .6475  11[725]   9[624]
   .6731   3[622]   9[624]
   .6924   7[613]   9[624]
   .6935   1[620]   9[624]
   .8441   9[615]   9[624]
   .8478  11[725]   7[514]
   .8734   3[622]   7[514]
   .8928   7[613]   7[514]
   .8938   1[620]   7[514]
   .9199   9[734]   5[512]
   .9744   1[501]   5[512]
   .9962  11[725]   1[521]
  1.0218   3[622]   1[521]
  1.0412   7[613]   1[521]
  1.0422   1[620]   1[521]
  1.0445   9[615]   7[514]
  1.0788  11[725]  11[615]
  1.1044   3[622]  11[615]
  1.1238   7[613]  11[615]
  1.1248   1[620]  11[615]
  1.1929   9[615]   1[521]
  1.2755   9[615]  11[615]
  1.2971  11[725]   9[505]
  1.3000   1[631]   5[512]
  1.3227   3[622]   9[505]
  1.3421   7[613]   9[505]
  1.3431   1[620]   9[505]
  1.3825   5[503]   5[512]
  1.4186  13[716]   5[512]
  1.4504   7[743]   5[512]
  1.4636   3[501]   5[512]
  1.4779  11[725]   1[651]
  1.4938   9[615]   9[505]
  1.5035   3[622]   1[651]
  1.5196   5[622]   5[512]
  1.5229   7[613]   1[651]
  1.5239   1[620]   1[651]
  1.5376  11[725]   3[512]
  1.5632   3[622]   3[512]
  1.5660  11[725]   3[642]
  1.5674   9[734]   9[624]
  1.5729   1[770]   5[512]
  1.5773  11[725]   7[633]
  1.5826   7[613]   3[512]
  1.5836   1[620]   3[512]
  1.5916   3[622]   3[642]
  1.6029   3[622]   7[633]
  1.6069   9[604]   5[512]
  1.6110   7[613]   3[642]
  1.6120   1[620]   3[642]
  1.6219   1[501]   9[624]
  1.6223   7[613]   7[633]
  1.6233   1[620]   7[633]
  1.6329   7[624]   5[512]
  1.6746   9[615]   1[651]
  1.6747   3[761]   5[512]
  1.6841  11[725]   1[400]
  1.7097   3[622]   1[400]
  1.7183  11[725]   1[510]
  1.7291   7[613]   1[400]
  1.7301   1[620]   1[400]
  1.7343   9[615]   3[512]
  1.7439   3[622]   1[510]
  1.7627   9[615]   3[642]
  1.7633   7[613]   1[510]
  1.7643   1[620]   1[510]
  1.7677   9[734]   7[514]
  1.7740   9[615]   7[633]
  1.8039   3[611]   5[512]
  1.8222   1[501]   7[514]
  1.8808   9[615]   1[400]
  1.8879  11[725]   3[402]
  1.9121  11[725]   5[633]
  1.9135   3[622]   3[402]
  1.9150   9[615]   1[510]
  1.9161   5[503]   5[512]
  1.9161   9[734]   1[521]
  1.9329   7[613]   3[402]
  1.9339   1[620]   3[402]
  1.9378   3[622]   5[633]
  1.9475   1[631]   9[624]
  1.9486   1[750]   5[512]
  1.9571   7[613]   5[633]
  1.9581   1[620]   5[633]
  1.9610  11[725]   5[642]
  1.9706   1[501]   1[521]
  1.9732   3[741]   5[512]
  1.9866   3[622]   5[642]
  1.9987   9[734]  11[615]
  2.0060   7[613]   5[642]
  2.0070   1[620]   5[642]
  2.0079   5[752]   5[512]
  2.0300   5[503]   9[624]
  2.0491   1[761]   5[512]
  2.0532   1[501]  11[615]
