   .0000  11[725]   9[624]
   .0403   3[622]   9[624]
   .0565   7[613]   9[624]
   .0676   1[620]   9[624]
   .0844  11[725]   7[514]
   .1247   3[622]   7[514]
   .1410   7[613]   7[514]
   .1521   1[620]   7[514]
   .2522  11[725]   5[512]
   .2532   9[615]   9[624]
   .2925   3[622]   5[512]
   .3088   7[613]   5[512]
   .3199   1[620]   5[512]
   .3218  11[725]   1[521]
   .3377   9[615]   7[514]
   .3621   3[622]   1[521]
   .3783   7[613]   1[521]
   .3894   1[620]   1[521]
   .5055   9[615]   5[512]
   .5750   9[615]   1[521]
   .8413  11[725]   7[633]
   .8816   3[622]   7[633]
   .8978   7[613]   7[633]
   .9089   1[620]   7[633]
   .9478   9[734]   9[624]
  1.0120  11[725]   1[400]
  1.0322   9[734]   7[514]
  1.0523   3[622]   1[400]
  1.0685   7[613]   1[400]
  1.0796   1[620]   1[400]
  1.0945   9[615]   7[633]
  1.1599   1[501]   9[624]
  1.2000   9[734]   5[512]
  1.2232  11[725]   3[402]
  1.2443   1[501]   7[514]
  1.2635   3[622]   3[402]
  1.2652   9[615]   1[400]
  1.2696   9[734]   1[521]
  1.2797   7[613]   3[402]
  1.2891  11[725]   5[642]
  1.2908   1[620]   3[402]
  1.3293   3[622]   5[642]
  1.3456   7[613]   5[642]
  1.3567   1[620]   5[642]
  1.3598   1[770]   9[624]
  1.4121   1[501]   5[512]
  1.4254   9[604]   9[624]
  1.4443   1[770]   7[514]
  1.4580  13[716]   9[624]
  1.4672   1[631]   9[624]
  1.4681  11[725]   3[521]
  1.4764   9[615]   3[402]
  1.4817   1[501]   1[521]
  1.4997   3[761]   9[624]
  1.5084   3[622]   3[521]
  1.5099   9[604]   7[514]
  1.5247   7[613]   3[521]
  1.5264   5[622]   9[624]
  1.5358   1[620]   3[521]
  1.5423   9[615]   5[642]
  1.5425  13[716]   7[514]
  1.5428   5[503]   9[624]
  1.5516   1[631]   7[514]
  1.5553   7[743]   9[624]
  1.5692  11[725]   9[505]
  1.5710  11[725]  11[615]
  1.5842   3[761]   7[514]
  1.5995   7[624]   9[624]
  1.6095   3[622]   9[505]
  1.6109   5[622]   7[514]
  1.6112   3[622]  11[615]
  1.6121   1[770]   5[512]
  1.6258   7[613]   9[505]
  1.6273   5[503]   7[514]
  1.6275   7[613]  11[615]
  1.6368   1[620]   9[505]
  1.6386   1[620]  11[615]
  1.6398   7[743]   7[514]
  1.6421   3[501]   9[624]
  1.6567  11[725]   1[651]
  1.6776   9[604]   5[512]
  1.6816   1[770]   1[521]
  1.6840   7[624]   7[514]
  1.6850  11[725]   1[640]
  1.6969   3[622]   1[651]
  1.7103  13[716]   5[512]
  1.7132   7[613]   1[651]
  1.7194   1[631]   5[512]
  1.7214   9[615]   3[521]
  1.7243   1[620]   1[651]
  1.7253   3[622]   1[640]
  1.7265   3[501]   7[514]
  1.7415   7[613]   1[640]
  1.7472   9[604]   1[521]
  1.7520   3[761]   5[512]
  1.7526   1[620]   1[640]
  1.7730   3[611]   9[624]
  1.7750  11[725]   3[642]
  1.7782  11[725]   3[402]
  1.7787   5[622]   5[512]
