   .0000   7[613]   5[512]
   .0329   9[615]   5[512]
   .2127  11[725]   5[512]
   .2558   3[622]   5[512]
   .2813   1[620]   5[512]
   .6175   7[613]   9[624]
   .6504   9[615]   9[624]
   .8302  11[725]   9[624]
   .8733   3[622]   9[624]
   .8844   7[613]   1[521]
   .8955   7[613]   7[514]
   .8988   1[620]   9[624]
   .9173   9[615]   1[521]
   .9284   9[615]   7[514]
  1.0415   7[613]  11[615]
  1.0744   9[615]  11[615]
  1.0971  11[725]   1[521]
  1.1082  11[725]   7[514]
  1.1402   3[622]   1[521]
  1.1513   3[622]   7[514]
  1.1657   1[620]   1[521]
  1.1768   1[620]   7[514]
  1.1822  13[716]   5[512]
  1.2073   9[734]   5[512]
  1.2357   1[501]   5[512]
  1.2542  11[725]  11[615]
  1.2973   3[622]  11[615]
  1.3229   1[620]  11[615]
  1.3746   7[613]   9[505]
  1.4075   9[615]   9[505]
  1.4589   7[613]   7[633]
  1.4833   7[613]   3[512]
  1.4915   9[604]   5[512]
  1.4918   9[615]   7[633]
  1.5122   1[660]   5[512]
  1.5162   9[615]   3[512]
  1.5227   1[770]   5[512]
  1.5667   3[611]   5[512]
  1.5873  11[725]   9[505]
  1.5926   7[613]   1[400]
  1.6132   3[761]   5[512]
  1.6255   9[615]   1[400]
  1.6264   5[503]   5[512]
  1.6304   3[622]   9[505]
  1.6315   7[613]   1[651]
  1.6559   1[620]   9[505]
  1.6644   9[615]   1[651]
  1.6716  11[725]   7[633]
  1.6781   7[613]   1[510]
  1.6816   7[743]   5[512]
  1.6959  11[725]   3[512]
  1.7099   3[501]   5[512]
  1.7110   9[615]   1[510]
  1.7147   3[622]   7[633]
  1.7390   3[622]   3[512]
  1.7391   7[613]   3[651]
  1.7402   1[620]   7[633]
  1.7613   7[613]   5[642]
  1.7634   7[613]   3[642]
  1.7646   1[620]   3[512]
  1.7720   9[615]   3[651]
  1.7942   9[615]   5[642]
  1.7963   9[615]   3[642]
  1.7997  13[716]   9[624]
  1.8053  11[725]   1[400]
  1.8248   9[734]   9[624]
  1.8258   5[613]   5[512]
  1.8442  11[725]   1[651]
  1.8484   3[622]   1[400]
  1.8532   1[501]   9[624]
  1.8653   5[622]   5[512]
  1.8740   1[620]   1[400]
  1.8873   3[622]   1[651]
  1.8908  11[725]   1[510]
  1.8991   5[752]   5[512]
  1.9128   1[620]   1[651]
  1.9339   3[622]   1[510]
  1.9518  11[725]   3[651]
  1.9595   1[620]   1[510]
  1.9740  11[725]   5[642]
  1.9761  11[725]   3[642]
  1.9877   1[761]   5[512]
  1.9949   3[622]   3[651]
  2.0064   7[624]   5[512]
  2.0171   3[622]   5[642]
  2.0172   7[613]   5[633]
  2.0192   3[622]   3[642]
  2.0205   1[620]   3[651]
  2.0426   1[620]   5[642]
  2.0447   1[620]   3[642]
  2.0468   7[613]   1[640]
  2.0501   9[615]   5[633]
  2.0666  13[716]   1[521]
  2.0777  13[716]   7[514]
  2.0797   9[615]   1[640]
  2.0918   9[734]   1[521]
  2.0974  11[606]   5[512]
  2.1028   9[734]   7[514]
  2.1052   5[503]   5[512]
  2.1090   9[604]   9[624]
