   .0000   9[615]  11[615]
   .0091   7[613]  11[615]
   .1293   3[622]  11[615]
   .1446   1[620]  11[615]
   .1600  11[725]  11[615]
   .3509   9[615]   3[512]
   .3600   7[613]   3[512]
   .4249   9[615]   9[505]
   .4340   7[613]   9[505]
   .4802   3[622]   3[512]
   .4955   1[620]   3[512]
   .5109  11[725]   3[512]
   .5462   9[615]   1[510]
   .5541   3[622]   9[505]
   .5553   7[613]   1[510]
   .5695   1[620]   9[505]
   .5848  11[725]   9[505]
   .6280   9[615]   5[512]
   .6371   7[613]   5[512]
   .6755   3[622]   1[510]
   .6908   1[620]   1[510]
   .7062  11[725]   1[510]
   .7572   3[622]   5[512]
   .7726   1[620]   5[512]
   .7879  11[725]   5[512]
   .8608   9[615]   1[651]
   .8699   7[613]   1[651]
   .9797   9[615]   3[642]
   .9888   7[613]   3[642]
   .9901   3[622]   1[651]
   .9943  13[716]  11[615]
  1.0054   1[620]   1[651]
  1.0126   9[734]  11[615]
  1.0208  11[725]   1[651]
  1.0806   1[501]  11[615]
  1.1090   3[622]   3[642]
  1.1243   1[620]   3[642]
  1.1397  11[725]   3[642]
  1.1410   1[660]  11[615]
  1.1845   9[615]   5[633]
  1.1937   7[613]   5[633]
  1.2641   9[615]   9[624]
  1.2732   7[613]   9[624]
  1.3138   3[622]   5[633]
  1.3291   1[620]   5[633]
  1.3445  11[725]   5[633]
  1.3452  13[716]   3[512]
  1.3457   9[615]   7[503]
  1.3548   7[613]   7[503]
  1.3635   9[734]   3[512]
  1.3646   9[615]   1[521]
  1.3737   7[613]   1[521]
  1.3934   3[622]   9[624]
  1.4087   1[620]   9[624]
  1.4192  13[716]   9[505]
  1.4241  11[725]   9[624]
  1.4315   1[501]   3[512]
  1.4374   9[734]   9[505]
  1.4389   7[743]  11[615]
  1.4749   3[622]   7[503]
  1.4755   3[611]  11[615]
  1.4903   1[620]   7[503]
  1.4919   1[660]   3[512]
  1.4938   3[622]   1[521]
  1.5054   1[501]   9[505]
  1.5056  11[725]   7[503]
  1.5092   1[620]   1[521]
  1.5211   5[752]  11[615]
  1.5245  11[725]   1[521]
  1.5405  13[716]   1[510]
  1.5587   9[734]   1[510]
  1.5659   1[660]   9[505]
  1.5987   3[501]  11[615]
  1.6223  13[716]   5[512]
  1.6267   1[501]   1[510]
  1.6405   9[734]   5[512]
  1.6454   9[604]  11[615]
  1.6872   1[660]   1[510]
  1.6883   5[622]  11[615]
  1.6943   5[613]  11[615]
  1.7085   1[501]   5[512]
  1.7415   5[503]  11[615]
  1.7690   1[660]   5[512]
  1.7725   9[615]   1[660]
  1.7777   3[501]  11[615]
  1.7816   7[613]   1[660]
  1.7898   7[743]   3[512]
  1.7902   1[750]  11[615]
  1.7994   1[770]  11[615]
  1.8264   3[611]   3[512]
  1.8529   7[624]  11[615]
  1.8541   9[615]   7[514]
  1.8551  13[716]   1[651]
  1.8633   7[613]   7[514]
  1.8637   7[743]   9[505]
  1.8720   5[752]   3[512]
  1.8733   9[734]   1[651]
  1.8896   3[761]  11[615]
  1.9004   3[611]   9[505]
  1.9018   3[622]   1[660]
