   .0000   9[615]   3[512]
   .0010   7[613]   3[512]
   .0028   9[615]  11[615]
   .0038   7[613]  11[615]
   .1137   3[622]   3[512]
   .1165   3[622]  11[615]
   .1201   1[620]   3[512]
   .1230   1[620]  11[615]
   .1267   9[615]   1[510]
   .1277   7[613]   1[510]
   .1653   9[615]   9[505]
   .1662   7[613]   9[505]
   .2160  11[725]   3[512]
   .2189  11[725]  11[615]
   .2404   3[622]   1[510]
   .2468   1[620]   1[510]
   .2790   3[622]   9[505]
   .2854   1[620]   9[505]
   .3427  11[725]   1[510]
   .3813  11[725]   9[505]
   .5846  13[716]   3[512]
   .5874  13[716]  11[615]
   .7113  13[716]   1[510]
   .7499  13[716]   9[505]
   .7809   9[615]   1[651]
   .7819   7[613]   1[651]
   .8946   3[622]   1[651]
   .9010   1[620]   1[651]
   .9330   1[660]   3[512]
   .9338   9[615]   3[642]
   .9348   7[613]   3[642]
   .9358   1[660]  11[615]
   .9922   9[615]   5[512]
   .9932   7[613]   5[512]
   .9967   9[615]   5[633]
   .9969  11[725]   1[651]
   .9977   7[613]   5[633]
  1.0221   9[734]   3[512]
  1.0249   9[734]  11[615]
  1.0426   9[615]   7[503]
  1.0436   7[613]   7[503]
  1.0475   3[622]   3[642]
  1.0540   1[620]   3[642]
  1.0597   1[660]   1[510]
  1.0783   1[501]   3[512]
  1.0811   1[501]  11[615]
  1.0982   1[660]   9[505]
  1.1059   3[622]   5[512]
  1.1104   3[622]   5[633]
  1.1124   1[620]   5[512]
  1.1169   1[620]   5[633]
  1.1197   3[611]   3[512]
  1.1225   3[611]  11[615]
  1.1488   9[734]   1[510]
  1.1499  11[725]   3[642]
  1.1563   3[622]   7[503]
  1.1628   1[620]   7[503]
  1.1873   9[734]   9[505]
  1.2050   1[501]   1[510]
  1.2083  11[725]   5[512]
  1.2128  11[725]   5[633]
  1.2435   1[501]   9[505]
  1.2464   3[611]   1[510]
  1.2587  11[725]   7[503]
  1.2849   3[611]   9[505]
  1.2970   5[613]   3[512]
  1.2998   5[613]  11[615]
  1.3369   7[743]   3[512]
  1.3397   7[743]  11[615]
  1.3575   9[615]   1[521]
  1.3585   7[613]   1[521]
  1.3655  13[716]   1[651]
  1.4195   5[752]   3[512]
  1.4223   5[752]  11[615]
  1.4237   5[613]   1[510]
  1.4622   5[613]   9[505]
  1.4636   7[743]   1[510]
  1.4712   3[622]   1[521]
  1.4777   1[620]   1[521]
  1.4807   9[615]   9[624]
  1.4817   7[613]   9[624]
  1.5022   7[743]   9[505]
  1.5173   3[741]   3[512]
  1.5185  13[716]   3[642]
  1.5201   3[741]  11[615]
  1.5301   9[604]   3[512]
  1.5329   9[604]  11[615]
  1.5462   5[752]   1[510]
  1.5736  11[725]   1[521]
  1.5769  13[716]   5[512]
  1.5814  13[716]   5[633]
  1.5848   5[752]   9[505]
  1.5944   3[622]   9[624]
  1.6008   1[620]   9[624]
  1.6236   1[750]   3[512]
  1.6264   1[750]  11[615]
  1.6273  13[716]   7[503]
  1.6440   3[741]   1[510]
  1.6568   9[604]   1[510]
  1.6813   3[501]   3[512]
