   .0000   9[615]  11[615]
   .0362   7[613]  11[615]
   .2469   3[622]  11[615]
   .2606   1[620]  11[615]
   .2931  11[725]  11[615]
   .3247   9[615]   3[512]
   .3608   7[613]   3[512]
   .5063   9[615]   9[505]
   .5282   9[615]   1[510]
   .5425   7[613]   9[505]
   .5644   7[613]   1[510]
   .5716   3[622]   3[512]
   .5853   1[620]   3[512]
   .6178  11[725]   3[512]
   .6718   9[615]   5[512]
   .7080   7[613]   5[512]
   .7357  13[716]  11[615]
   .7533   3[622]   9[505]
   .7670   1[620]   9[505]
   .7752   3[622]   1[510]
   .7889   1[620]   1[510]
   .7995  11[725]   9[505]
   .8214  11[725]   1[510]
   .9187   3[622]   5[512]
   .9324   1[620]   5[512]
   .9649  11[725]   5[512]
  1.0407   9[615]   1[651]
  1.0604  13[716]   3[512]
  1.0768   7[613]   1[651]
  1.1753   9[615]   3[642]
  1.1818   9[734]  11[615]
  1.2115   7[613]   3[642]
  1.2145   3[611]  11[615]
  1.2281   1[660]  11[615]
  1.2349   1[501]  11[615]
  1.2420  13[716]   9[505]
  1.2607   9[615]   9[624]
  1.2639  13[716]   1[510]
  1.2771   9[615]   1[521]
  1.2876   3[622]   1[651]
  1.2969   7[613]   9[624]
  1.3013   1[620]   1[651]
  1.3020   9[615]   5[633]
  1.3133   7[613]   1[521]
  1.3338  11[725]   1[651]
  1.3382   7[613]   5[633]
  1.4075  13[716]   5[512]
  1.4161   5[613]  11[615]
  1.4223   3[622]   3[642]
  1.4360   1[620]   3[642]
  1.4625   9[615]   7[503]
  1.4685  11[725]   3[642]
  1.4987   7[613]   7[503]
  1.5064   9[734]   3[512]
  1.5077   3[622]   9[624]
  1.5092   9[604]  11[615]
  1.5214   1[620]   9[624]
  1.5241   3[622]   1[521]
  1.5378   1[620]   1[521]
  1.5392   3[611]   3[512]
  1.5489   3[622]   5[633]
  1.5528   1[660]   3[512]
  1.5539  11[725]   9[624]
  1.5562   7[743]  11[615]
  1.5595   1[501]   3[512]
  1.5626   1[620]   5[633]
  1.5703  11[725]   1[521]
  1.5951  11[725]   5[633]
  1.6385   5[752]  11[615]
  1.6881   9[734]   9[505]
  1.7094   3[622]   7[503]
  1.7100   9[734]   1[510]
  1.7206   1[770]  11[615]
  1.7208   3[611]   9[505]
  1.7232   1[620]   7[503]
  1.7263   3[741]  11[615]
  1.7344   1[660]   9[505]
  1.7408   5[613]   3[512]
  1.7412   1[501]   9[505]
  1.7427   3[611]   1[510]
  1.7557  11[725]   7[503]
  1.7563   1[660]   1[510]
  1.7631   1[501]   1[510]
  1.7764  13[716]   1[651]
  1.8061   3[761]  11[615]
  1.8338   9[604]   3[512]
  1.8536   9[734]   5[512]
  1.8592   1[611]  11[615]
  1.8637   5[503]  11[615]
  1.8643   1[750]  11[615]
  1.8767   3[501]  11[615]
  1.8809   7[743]   3[512]
  1.8863   3[611]   5[512]
  1.8999   1[660]   5[512]
  1.9066   1[501]   5[512]
  1.9110  13[716]   3[642]
  1.9224   5[613]   9[505]
  1.9238   5[622]  11[615]
  1.9353   9[615]   7[514]
  1.9443   5[613]   1[510]
