   .0000  13[716]   5[512]
   .0199  13[716]   9[624]
   .0555  13[716]   1[521]
   .3037   3[611]   5[512]
   .3236   3[611]   9[624]
   .3592   3[611]   1[521]
   .4648   9[604]   5[512]
   .4847   9[604]   9[624]
   .4952   5[613]   5[512]
   .5151   5[613]   9[624]
   .5203   9[604]   1[521]
   .5397  13[716]   7[633]
   .5507   5[613]   1[521]
   .5646  13[716]   7[514]
   .7939  13[716]   5[642]
   .8435   3[611]   7[633]
   .8475   1[770]   5[512]
   .8674   1[770]   9[624]
   .8683   3[611]   7[514]
   .8703   9[615]   5[512]
   .8849  13[716]   3[651]
   .8902   9[615]   9[624]
   .8921   1[611]   5[512]
   .9030   1[770]   1[521]
   .9120   1[611]   9[624]
   .9258   9[615]   1[521]
   .9384  11[606]   5[512]
   .9385  13[716]  11[615]
   .9452   7[613]   5[512]
   .9471   3[761]   5[512]
   .9476   1[611]   1[521]
   .9501  13[716]   1[640]
   .9583  11[606]   9[624]
   .9651   7[613]   9[624]
   .9670   3[761]   9[624]
   .9938  11[606]   1[521]
  1.0007   7[613]   1[521]
  1.0025   3[761]   1[521]
  1.0045   9[604]   7[633]
  1.0294   9[604]   7[514]
  1.0349   5[613]   7[633]
  1.0496   3[622]   5[512]
  1.0597  13[716]   1[400]
  1.0598   5[613]   7[514]
  1.0695   3[622]   9[624]
  1.0761  11[725]   5[512]
  1.0782   1[620]   5[512]
  1.0960  11[725]   9[624]
  1.0977   3[611]   5[642]
  1.0981   1[620]   9[624]
  1.1050   3[622]   1[521]
  1.1295  13[716]   3[521]
  1.1316  11[725]   1[521]
  1.1337   1[620]   1[521]
  1.1887   3[611]   3[651]
  1.2155   5[752]   5[512]
  1.2354   5[752]   9[624]
  1.2422   3[611]  11[615]
  1.2539   3[611]   1[640]
  1.2587   9[604]   5[642]
  1.2710   5[752]   1[521]
  1.2891   5[613]   5[642]
  1.2922   1[761]   5[512]
  1.3121   1[761]   9[624]
  1.3476   1[761]   1[521]
  1.3497   9[604]   3[651]
  1.3635   3[611]   1[400]
  1.3801   5[613]   3[651]
  1.3873   1[770]   7[633]
  1.3906  13[716]   9[505]
  1.4033   9[604]  11[615]
  1.4100   9[615]   7[633]
  1.4121   1[770]   7[514]
  1.4149   9[604]   1[640]
  1.4271  13[716]   3[512]
  1.4318   1[611]   7[633]
  1.4333   3[611]   3[521]
  1.4337   5[613]  11[615]
  1.4349   9[615]   7[514]
  1.4380   3[752]   5[512]
  1.4453   5[613]   1[640]
  1.4479  13[716]   3[402]
  1.4567   1[611]   7[514]
  1.4580   3[752]   9[624]
  1.4781  11[606]   7[633]
  1.4849   7[613]   7[633]
  1.4868   3[761]   7[633]
  1.4935   3[752]   1[521]
  1.5030  11[606]   7[514]
  1.5098   7[613]   7[514]
  1.5117   3[761]   7[514]
  1.5194  13[716]   1[550]
  1.5245   9[604]   1[400]
  1.5549   5[613]   1[400]
  1.5893   3[622]   7[633]
  1.5943   9[604]   3[521]
  1.6142   3[622]   7[514]
  1.6158  11[725]   7[633]
  1.6180   1[620]   7[633]
  1.6248   5[613]   3[521]
