   .0000  13[716]   3[512]
   .0369  13[716]  11[615]
   .1222  13[716]   1[510]
   .2345  13[716]   9[505]
   .3754   3[611]   3[512]
   .4123   3[611]  11[615]
   .4976   3[611]   1[510]
   .5246   5[613]   3[512]
   .5615   5[613]  11[615]
   .6099   3[611]   9[505]
   .6467   5[613]   1[510]
   .7590   5[613]   9[505]
   .8359  13[716]   1[651]
   .9069   9[604]   3[512]
   .9439   9[604]  11[615]
   .9861   1[611]   3[512]
  1.0230   1[611]  11[615]
  1.0291   9[604]   1[510]
  1.0362  13[716]   5[512]
  1.0638  13[716]   3[642]
  1.1083   1[611]   1[510]
  1.1117   7[613]   3[512]
  1.1397  13[716]   7[503]
  1.1414   9[604]   9[505]
  1.1428   3[622]   3[512]
  1.1449   9[615]   3[512]
  1.1475   1[620]   3[512]
  1.1486   7[613]  11[615]
  1.1574  13[716]   5[633]
  1.1797   3[622]  11[615]
  1.1818   9[615]  11[615]
  1.1844   1[620]  11[615]
  1.2021   1[770]   3[512]
  1.2113   3[611]   1[651]
  1.2206   1[611]   9[505]
  1.2339   7[613]   1[510]
  1.2391   1[770]  11[615]
  1.2406  13[716]   1[521]
  1.2650   3[622]   1[510]
  1.2670   9[615]   1[510]
  1.2696   1[620]   1[510]
  1.2738  11[725]   3[512]
  1.3107  11[725]  11[615]
  1.3243   1[770]   1[510]
  1.3425  11[606]   3[512]
  1.3462   7[613]   9[505]
  1.3605   5[613]   1[651]
  1.3696   3[761]   3[512]
  1.3773   3[622]   9[505]
  1.3793   9[615]   9[505]
  1.3794  11[606]  11[615]
  1.3819   1[620]   9[505]
  1.3959  11[725]   1[510]
  1.4033  13[716]   9[624]
  1.4065   3[761]  11[615]
  1.4116   3[611]   5[512]
  1.4366   1[770]   9[505]
  1.4392   3[611]   3[642]
  1.4646  11[606]   1[510]
  1.4918   3[761]   1[510]
  1.5082  11[725]   9[505]
  1.5151   3[611]   7[503]
  1.5250   5[752]   3[512]
  1.5328   3[611]   5[633]
  1.5608   5[613]   5[512]
  1.5619   5[752]  11[615]
  1.5769  11[606]   9[505]
  1.5883   5[613]   3[642]
  1.6041   3[761]   9[505]
  1.6160   3[611]   1[521]
  1.6472   5[752]   1[510]
  1.6555   1[761]   3[512]
  1.6643   5[613]   7[503]
  1.6819   5[613]   5[633]
  1.6925   1[761]  11[615]
  1.7428   9[604]   1[651]
  1.7595   5[752]   9[505]
  1.7652   5[613]   1[521]
  1.7777   1[761]   1[510]
  1.7788   3[611]   9[624]
  1.7944  13[716]   7[624]
  1.8220   1[611]   1[651]
  1.8389  13[716]   1[651]
  1.8571   3[752]   3[512]
  1.8900   1[761]   9[505]
  1.8940   3[752]  11[615]
  1.9239  13[716]   3[651]
  1.9279   5[613]   9[624]
  1.9431   9[604]   5[512]
  1.9476   7[613]   1[651]
  1.9576   1[660]   3[512]
  1.9619  13[716]   7[633]
  1.9691  13[716]  13[606]
  1.9707   9[604]   3[642]
  1.9787   3[622]   1[651]
  1.9792   3[752]   1[510]
  1.9807   9[615]   1[651]
  1.9833   1[620]   1[651]
  1.9946   1[660]  11[615]
  2.0223   1[611]   5[512]
