   .0000  13[716]   5[512]
   .0717   3[611]   5[512]
   .1860   5[613]   5[512]
   .2446   9[604]   5[512]
   .3113  13[716]   1[521]
   .3172  13[716]   9[624]
   .3829   3[611]   1[521]
   .3888   3[611]   9[624]
   .4972   5[613]   1[521]
   .5031   5[613]   9[624]
   .5418   1[611]   5[512]
   .5558   9[604]   1[521]
   .5617   9[604]   9[624]
   .5882  13[716]  11[615]
   .6081   1[770]   5[512]
   .6140  11[606]   5[512]
   .6599   3[611]  11[615]
   .6830   3[761]   5[512]
   .7742   5[613]  11[615]
   .8328   9[604]  11[615]
   .8531   1[611]   1[521]
   .8590   1[611]   9[624]
   .8875   5[752]   5[512]
   .9194   1[770]   1[521]
   .9252  11[606]   1[521]
   .9253   1[770]   9[624]
   .9311  11[606]   9[624]
   .9645  13[716]   7[633]
   .9943   3[761]   1[521]
  1.0002   3[761]   9[624]
  1.0162   1[761]   5[512]
  1.0362   3[611]   7[633]
  1.0708  13[716]   3[512]
  1.1065  13[716]   7[514]
  1.1152  13[716]   9[505]
  1.1300   1[611]  11[615]
  1.1383   3[752]   5[512]
  1.1425   3[611]   3[512]
  1.1505   5[613]   7[633]
  1.1544   9[615]   5[512]
  1.1706   7[613]   5[512]
  1.1782   3[611]   7[514]
  1.1869   3[611]   9[505]
  1.1880  13[716]   5[642]
  1.1963   1[770]  11[615]
  1.1988   5[752]   1[521]
  1.2022  11[606]  11[615]
  1.2047   5[752]   9[624]
  1.2091   9[604]   7[633]
  1.2327  13[716]   3[651]
  1.2568   5[613]   3[512]
  1.2597   3[611]   5[642]
  1.2626   3[622]   5[512]
  1.2712   3[761]  11[615]
  1.2792   1[620]   5[512]
  1.2898  13[716]   1[640]
  1.2925   5[613]   7[514]
  1.3012   5[613]   9[505]
  1.3044   3[611]   3[651]
  1.3154   9[604]   3[512]
  1.3165  11[725]   5[512]
  1.3195  13[716]   1[510]
  1.3274   1[761]   1[521]
  1.3333   1[761]   9[624]
  1.3511   9[604]   7[514]
  1.3598   9[604]   9[505]
  1.3615   3[611]   1[640]
  1.3740   5[613]   5[642]
  1.3912   3[611]   1[510]
  1.4187   5[613]   3[651]
  1.4196  15[707]   5[512]
  1.4326   9[604]   5[642]
  1.4450   5[743]   5[512]
  1.4495   3[752]   1[521]
  1.4554   3[752]   9[624]
  1.4657   9[615]   1[521]
  1.4716   9[615]   9[624]
  1.4757   5[752]  11[615]
  1.4758   5[613]   1[640]
  1.4773   9[604]   3[651]
  1.4778   7[734]   5[512]
  1.4818   7[613]   1[521]
  1.4877   7[613]   9[624]
  1.4896  13[716]   1[400]
  1.5055   5[613]   1[510]
  1.5063   1[611]   7[633]
  1.5344   9[604]   1[640]
  1.5613   3[611]   1[400]
  1.5641   9[604]   1[510]
  1.5726   1[770]   7[633]
  1.5738   3[622]   1[521]
  1.5785  11[606]   7[633]
  1.5797   3[622]   9[624]
  1.5905   1[620]   1[521]
  1.5962  13[716]   3[521]
  1.5964   1[620]   9[624]
  1.6043   1[761]  11[615]
  1.6126   1[611]   3[512]
  1.6132   1[860]   5[512]
  1.6278  11[725]   1[521]
