   .0000   3[611]   1[510]
   .0566   5[613]   1[510]
   .0597   3[611]   3[512]
   .0608   3[611]   9[505]
   .1163   5[613]   3[512]
   .1174   5[613]   9[505]
   .1573  13[716]   1[510]
   .2170  13[716]   3[512]
   .2181  13[716]   9[505]
   .4383   3[611]  11[615]
   .4691   1[611]   1[510]
   .4949   5[613]  11[615]
   .5288   1[611]   3[512]
   .5299   1[611]   9[505]
   .5905   9[604]   1[510]
   .5956  13[716]  11[615]
   .6502   9[604]   3[512]
   .6513   9[604]   9[505]
   .8701   3[611]   7[503]
   .9074   1[611]  11[615]
   .9267   5[613]   7[503]
   .9270  11[606]   1[510]
   .9867  11[606]   3[512]
   .9878  11[606]   9[505]
  1.0274  13[716]   7[503]
  1.0288   9[604]  11[615]
  1.1096   3[611]   1[550]
  1.1371   3[611]   1[640]
  1.1534   1[620]   1[510]
  1.1662   5[613]   1[550]
  1.1680   3[622]   1[510]
  1.1937   5[613]   1[640]
  1.2131   1[620]   3[512]
  1.2141   1[620]   9[505]
  1.2278   3[622]   3[512]
  1.2288   3[622]   9[505]
  1.2342   3[611]   5[633]
  1.2669  13[716]   1[550]
  1.2805   3[611]   3[642]
  1.2908   5[613]   5[633]
  1.2944  13[716]   1[640]
  1.3230   1[770]   1[510]
  1.3371   5[613]   3[642]
  1.3392   1[611]   7[503]
  1.3653  11[606]  11[615]
  1.3827   1[770]   3[512]
  1.3838   1[770]   9[505]
  1.3915  13[716]   5[633]
  1.4162   3[761]   1[510]
  1.4224  11[725]   1[510]
  1.4378  13[716]   3[642]
  1.4493   5[752]   1[510]
  1.4606   9[604]   7[503]
  1.4696   7[613]   1[510]
  1.4759   3[761]   3[512]
  1.4770   3[761]   9[505]
  1.4821  11[725]   3[512]
  1.4832  11[725]   9[505]
  1.5090   5[752]   3[512]
  1.5101   5[752]   9[505]
  1.5112   3[611]   5[512]
  1.5293   7[613]   3[512]
  1.5304   7[613]   9[505]
  1.5678   5[613]   5[512]
  1.5787   1[611]   1[550]
  1.5874   9[615]   1[510]
  1.5917   1[620]  11[615]
  1.5949   1[660]   1[510]
  1.6060   3[611]   9[624]
  1.6062   1[611]   1[640]
  1.6064   3[622]  11[615]
  1.6444   3[611]   7[624]
  1.6471   9[615]   3[512]
  1.6482   9[615]   9[505]
  1.6546   1[660]   3[512]
  1.6557   1[660]   9[505]
  1.6626   5[613]   9[624]
  1.6685  13[716]   5[512]
  1.7000   9[604]   1[550]
  1.7010   5[613]   7[624]
  1.7033   1[611]   5[633]
  1.7276   9[604]   1[640]
  1.7369   3[611]  13[606]
  1.7496   1[611]   3[642]
  1.7613   1[770]  11[615]
  1.7633  13[716]   9[624]
  1.7935   5[613]  13[606]
  1.7971  11[606]   7[503]
  1.8018  13[716]   7[624]
  1.8028   7[734]   1[510]
  1.8230  15[707]   1[510]
  1.8247   9[604]   5[633]
  1.8382   1[761]   1[510]
  1.8545   3[761]  11[615]
  1.8607  11[725]  11[615]
  1.8625   7[734]   3[512]
  1.8636   7[734]   9[505]
  1.8709   9[604]   3[642]
  1.8827  15[707]   3[512]
  1.8837  15[707]   9[505]
