   .0000   5[613]  11[615]
   .0063   3[611]  11[615]
   .1973   9[604]  11[615]
   .2171   1[611]  11[615]
   .2823  13[716]  11[615]
   .2866   5[613]   3[512]
   .2929   3[611]   3[512]
   .4839   9[604]   3[512]
   .4977  11[606]  11[615]
   .5038   1[611]   3[512]
   .5208   5[613]   1[510]
   .5271   3[611]   1[510]
   .5463   5[613]   1[521]
   .5526   3[611]   1[521]
   .5689  13[716]   3[512]
   .5694   5[613]   9[505]
   .5757   3[611]   9[505]
   .6583   5[613]   5[512]
   .6646   3[611]   5[512]
   .7181   9[604]   1[510]
   .7380   1[611]   1[510]
   .7437   9[604]   1[521]
   .7635   1[611]   1[521]
   .7667   9[604]   9[505]
   .7843  11[606]   3[512]
   .7865   1[611]   9[505]
   .8031  13[716]   1[510]
   .8033   1[770]  11[615]
   .8215   5[613]   9[624]
   .8278   3[611]   9[624]
   .8286  13[716]   1[521]
   .8516  13[716]   9[505]
   .8556   9[604]   5[512]
   .8584   3[761]  11[615]
   .8754   1[611]   5[512]
   .9405  13[716]   5[512]
   .9914   5[752]  11[615]
  1.0185  11[606]   1[510]
  1.0188   9[604]   9[624]
  1.0386   1[611]   9[624]
  1.0440  11[606]   1[521]
  1.0671  11[606]   9[505]
  1.0899   1[770]   3[512]
  1.1037  13[716]   9[624]
  1.1451   3[761]   3[512]
  1.1560  11[606]   5[512]
  1.2542   1[761]  11[615]
  1.2780   5[752]   3[512]
  1.3192  11[606]   9[624]
  1.3241   1[770]   1[510]
  1.3455   5[613]   7[633]
  1.3464   3[752]  11[615]
  1.3496   1[770]   1[521]
  1.3518   3[611]   7[633]
  1.3545  15[707]  11[615]
  1.3726   1[770]   9[505]
  1.3793   3[761]   1[510]
  1.3820   3[622]  11[615]
  1.3853   1[620]  11[615]
  1.4041   5[613]   1[640]
  1.4048   3[761]   1[521]
  1.4104   3[611]   1[640]
  1.4198   5[613]   3[631]
  1.4261   3[611]   3[631]
  1.4278   3[761]   9[505]
  1.4283   7[734]  11[615]
  1.4342   5[613]   5[642]
  1.4405   3[611]   5[642]
  1.4616   1[770]   5[512]
  1.5096   5[743]  11[615]
  1.5122   5[752]   1[510]
  1.5167   3[761]   5[512]
  1.5377   5[752]   1[521]
  1.5408   1[761]   3[512]
  1.5428   9[604]   7[633]
  1.5471  11[725]  11[615]
  1.5608   5[752]   9[505]
  1.5626   1[611]   7[633]
  1.5875   5[613]   7[503]
  1.5938   3[611]   7[503]
  1.6015   9[604]   1[640]
  1.6089   7[613]  11[615]
  1.6171   9[604]   3[631]
  1.6213   1[611]   1[640]
  1.6247   1[770]   9[624]
  1.6277  13[716]   7[633]
  1.6315   9[604]   5[642]
  1.6330   3[752]   3[512]
  1.6369   1[611]   3[631]
  1.6411  15[707]   3[512]
  1.6497   5[752]   5[512]
  1.6513   1[611]   5[642]
  1.6686   3[622]   3[512]
  1.6719   1[620]   3[512]
  1.6799   3[761]   9[624]
  1.6849   9[615]  11[615]
  1.6864  13[716]   1[640]
  1.7020  13[716]   3[631]
  1.7149   7[734]   3[512]
  1.7164  13[716]   5[642]
