   .0000   1[611]   3[512]
   .0831   9[604]   3[512]
   .1061   1[611]   1[510]
   .1272   5[613]   3[512]
   .1682   1[611]  11[615]
   .1892   9[604]   1[510]
   .1925   3[611]   3[512]
   .2333   5[613]   1[510]
   .2453   1[611]   9[505]
   .2513   9[604]  11[615]
   .2954   5[613]  11[615]
   .2986   3[611]   1[510]
   .3111  11[606]   3[512]
   .3283   9[604]   9[505]
   .3607   3[611]  11[615]
   .3724   5[613]   9[505]
   .4172  11[606]   1[510]
   .4377   3[611]   9[505]
   .4793  11[606]  11[615]
   .5152   1[611]   1[550]
   .5564  11[606]   9[505]
   .5983   9[604]   1[550]
   .6424   5[613]   1[550]
   .6678  13[716]   3[512]
   .7077   3[611]   1[550]
   .7739  13[716]   1[510]
   .8263  11[606]   1[550]
   .8359  13[716]  11[615]
   .9079   1[770]   3[512]
   .9130  13[716]   9[505]
   .9842   3[761]   3[512]
  1.0140   1[770]   1[510]
  1.0292   1[611]   9[624]
  1.0299   5[752]   3[512]
  1.0761   1[770]  11[615]
  1.0904   3[761]   1[510]
  1.1123   9[604]   9[624]
  1.1180   1[611]   5[512]
  1.1360   5[752]   1[510]
  1.1524   3[761]  11[615]
  1.1532   1[770]   9[505]
  1.1564   5[613]   9[624]
  1.1595   1[611]   7[503]
  1.1830  13[716]   1[550]
  1.1981   5[752]  11[615]
  1.2011   9[604]   5[512]
  1.2217   3[611]   9[624]
  1.2295   3[761]   9[505]
  1.2304  15[707]   3[512]
  1.2426   9[604]   7[503]
  1.2452   5[613]   5[512]
  1.2752   5[752]   9[505]
  1.2838   1[611]   1[640]
  1.2867   5[613]   7[503]
  1.3105   3[611]   5[512]
  1.3240   1[611]   3[631]
  1.3365  15[707]   1[510]
  1.3374   7[734]   3[512]
  1.3403  11[606]   9[624]
  1.3520   3[611]   7[503]
  1.3580   1[611]   5[642]
  1.3669   9[604]   1[640]
  1.3882   1[761]   3[512]
  1.3969   1[611]   7[633]
  1.3986  15[707]  11[615]
  1.4071   9[604]   3[631]
  1.4110   5[613]   1[640]
  1.4231   1[770]   1[550]
  1.4291  11[606]   5[512]
  1.4410   9[604]   5[642]
  1.4435   7[734]   1[510]
  1.4512   5[613]   3[631]
  1.4706  11[606]   7[503]
  1.4757  15[707]   9[505]
  1.4763   3[611]   1[640]
  1.4799   9[604]   7[633]
  1.4851   5[613]   5[642]
  1.4870   3[752]   3[512]
  1.4943   1[761]   1[510]
  1.4994   3[761]   1[550]
  1.5056   7[734]  11[615]
  1.5137   1[620]   3[512]
  1.5165   3[611]   3[631]
  1.5240   5[613]   7[633]
  1.5266   3[622]   3[512]
  1.5451   5[752]   1[550]
  1.5504   3[611]   5[642]
  1.5564   1[761]  11[615]
  1.5730   5[743]   3[512]
  1.5827   7[734]   9[505]
  1.5894   3[611]   7[633]
  1.5931   3[752]   1[510]
  1.5949  11[606]   1[640]
  1.6198   1[620]   1[510]
  1.6327   3[622]   1[510]
  1.6335   1[761]   9[505]
  1.6351  11[606]   3[631]
  1.6545   1[611]   1[640]
  1.6552   3[752]  11[615]
  1.6691  11[606]   5[642]
