   .0000   5[613]   3[512]
   .0309   3[611]   3[512]
   .0733   1[611]   3[512]
   .1482  15[707]   3[512]
   .1537   5[613]   1[510]
   .1682   5[613]   7[503]
   .1846   3[611]   1[510]
   .1867  11[606]   3[512]
   .1894   9[604]   3[512]
   .1991   3[611]   7[503]
   .2270   1[611]   1[510]
   .2328   5[613]   1[550]
   .2415   1[611]   7[503]
   .2637   3[611]   1[550]
   .3019  15[707]   1[510]
   .3061   1[611]   1[550]
   .3164  15[707]   7[503]
   .3404  11[606]   1[510]
   .3430   9[604]   1[510]
   .3549  11[606]   7[503]
   .3576   9[604]   7[503]
   .3810  15[707]   1[550]
   .3992   5[613]  11[615]
   .4195  11[606]   1[550]
   .4221   9[604]   1[550]
   .4300   3[611]  11[615]
   .4725   1[611]  11[615]
   .5185   5[613]   9[505]
   .5474  15[707]  11[615]
   .5494   3[611]   9[505]
   .5719   5[613]  13[606]
   .5859  11[606]  11[615]
   .5885   9[604]  11[615]
   .5918   1[611]   9[505]
   .6028   3[611]  13[606]
   .6453   1[611]  13[606]
   .6667  15[707]   9[505]
   .6847  13[716]   3[512]
   .7052  11[606]   9[505]
   .7078   9[604]   9[505]
   .7202  15[707]  13[606]
   .7587  11[606]  13[606]
   .7613   9[604]  13[606]
   .8384  13[716]   1[510]
   .8529  13[716]   7[503]
   .8550   3[622]   3[512]
   .8556   1[620]   3[512]
   .9175  13[716]   1[550]
  1.0087   3[622]   1[510]
  1.0093   1[620]   1[510]
  1.0232   3[622]   7[503]
  1.0238   1[620]   7[503]
  1.0644   1[660]   3[512]
  1.0839  13[716]  11[615]
  1.0853   5[613]   5[512]
  1.0878   3[622]   1[550]
  1.0884   1[620]   1[550]
  1.1161   3[611]   5[512]
  1.1437   5[613]   9[624]
  1.1586   1[611]   5[512]
  1.1746   3[611]   9[624]
  1.1953   5[602]   3[512]
  1.2032  13[716]   9[505]
  1.2171   1[611]   9[624]
  1.2180   1[660]   1[510]
  1.2326   1[660]   7[503]
  1.2335  15[707]   5[512]
  1.2542   3[622]  11[615]
  1.2548   1[620]  11[615]
  1.2567  13[716]  13[606]
  1.2720  11[606]   5[512]
  1.2746   9[604]   5[512]
  1.2920  15[707]   9[624]
  1.2971   1[660]   1[550]
  1.3305  11[606]   9[624]
  1.3331   9[604]   9[624]
  1.3490   5[602]   1[510]
  1.3635   5[602]   7[503]
  1.3735   3[622]   9[505]
  1.3741   1[620]   9[505]
  1.4270   3[622]  13[606]
  1.4276   1[620]  13[606]
  1.4281   5[602]   1[550]
  1.4635   1[660]  11[615]
  1.4666   5[613]   7[633]
  1.4689   7[604]   3[512]
  1.4863   1[770]   3[512]
  1.4974   3[611]   7[633]
  1.5100  11[725]   3[512]
  1.5329   3[761]   3[512]
  1.5364   5[613]   1[640]
  1.5399   1[611]   7[633]
  1.5475   5[613]   5[642]
  1.5673   3[611]   1[640]
  1.5784   3[611]   5[642]
  1.5826   5[613]   3[631]
  1.5828   1[660]   9[505]
  1.5945   5[602]  11[615]
  1.6028   5[613]   3[642]
  1.6054   5[613]   1[640]
