   .0000   5[613]   1[550]
   .0205   3[611]   1[550]
   .0811   5[613]   3[512]
   .1016   3[611]   3[512]
   .1502   5[613]  13[606]
   .1515   1[611]   1[550]
   .1708   3[611]  13[606]
   .2197   5[602]   1[550]
   .2325   1[611]   3[512]
   .2676   5[613]   7[503]
   .2881   3[611]   7[503]
   .3008   5[602]   3[512]
   .3017   1[611]  13[606]
   .3268   7[604]   1[550]
   .3699   5[602]  13[606]
   .3743   3[622]   1[550]
   .3805   5[613]   1[510]
   .3845   1[620]   1[550]
   .4010   3[611]   1[510]
   .4079   7[604]   3[512]
   .4190   1[611]   7[503]
   .4554   3[622]   3[512]
   .4656   1[620]   3[512]
   .4771   7[604]  13[606]
   .4873   5[602]   7[503]
   .5192   1[660]   1[550]
   .5221  15[707]   1[550]
   .5246   3[622]  13[606]
   .5319   1[611]   1[510]
   .5347   1[620]  13[606]
   .5944   7[604]   7[503]
   .6001   5[602]   1[510]
   .6002   1[660]   3[512]
   .6032  15[707]   3[512]
   .6419   3[622]   7[503]
   .6520   1[620]   7[503]
   .6620   5[613]  11[615]
   .6694   1[660]  13[606]
   .6723  15[707]  13[606]
   .6825   3[611]  11[615]
   .7073   7[604]   1[510]
   .7548   3[622]   1[510]
   .7649   1[620]   1[510]
   .7867   1[660]   7[503]
   .7897  15[707]   7[503]
   .8134   1[611]  11[615]
   .8817   5[602]  11[615]
   .8996   1[660]   1[510]
   .9026  15[707]   1[510]
   .9452   5[613]   5[503]
   .9657   3[611]   5[503]
   .9780   5[613]   5[512]
   .9888   7[604]  11[615]
   .9986   3[611]   5[512]
  1.0363   3[622]  11[615]
  1.0464   1[620]  11[615]
  1.0479  13[716]   1[550]
  1.0737   5[613]   9[624]
  1.0942   3[611]   9[624]
  1.0966   1[611]   5[503]
  1.1035   1[600]   1[550]
  1.1290  13[716]   3[512]
  1.1295   1[611]   5[512]
  1.1648   5[602]   5[503]
  1.1811   1[660]  11[615]
  1.1819   3[602]   1[550]
  1.1841  15[707]  11[615]
  1.1846   1[600]   3[512]
  1.1977   5[602]   5[512]
  1.1981  13[716]  13[606]
  1.2252   1[611]   9[624]
  1.2499   9[604]   1[550]
  1.2538   1[600]  13[606]
  1.2630   3[602]   3[512]
  1.2720   7[604]   5[503]
  1.2934   5[602]   9[624]
  1.3049   7[604]   5[512]
  1.3155  13[716]   7[503]
  1.3195   3[622]   5[503]
  1.3253   5[613]   7[633]
  1.3296   1[620]   5[503]
  1.3310   9[604]   3[512]
  1.3322   3[602]  13[606]
  1.3458   3[611]   7[633]
  1.3524   3[622]   5[512]
  1.3625   1[620]   5[512]
  1.3711   1[600]   7[503]
  1.3831   5[613]   3[541]
  1.4002   9[604]  13[606]
  1.4005   7[604]   9[624]
  1.4036   3[611]   3[541]
  1.4284  13[716]   1[510]
  1.4323   5[613]   3[501]
  1.4456  11[725]   1[550]
  1.4481   3[622]   9[624]
  1.4495   3[602]   7[503]
  1.4528   3[611]   3[501]
  1.4582   1[620]   9[624]
  1.4631   5[613]   5[642]
  1.4643   1[660]   5[503]
